3.160000
3.170000
3.160000
3.170000
3.240000
3.420000
3.600000
4.270000
4.390000
4.540000
4.740000
4.830000
4.890000
5.000000
5.090000
5.230000
5.380000
5.540000
5.750000
5.870000
6.000000
6.140000
6.270000
6.390000
6.520000
6.630000
7.370000
7.600000
7.820000
7.990000
8.220000
8.390000
8.550000
8.760000
8.930000
9.090000
9.270000
9.430000
9.610000
9.760000
9.940000
10.100000
10.240000
10.430000
10.620000
10.790000
10.980000
11.750000
11.880000
12.020000
12.150000
12.300000
12.450000
12.610000
12.800000
12.940000
13.130000
13.320000
13.530000
13.700000
13.840000
14.020000
14.180000
14.370000
14.510000
14.680000
14.910000
15.090000
15.870000
16.070000
16.240000
16.400000
16.600000
16.770000
16.930000
17.110000
17.290000
17.480000
17.640000
17.810000
17.990000
18.170000
18.390000
18.610000
18.800000
18.950000
19.100000
19.250000
19.380000
20.050000
20.200000
20.330000
20.510000
20.660000
20.820000
20.980000
21.150000
21.290000
21.410000
21.570000
21.710000
21.870000
22.000000
22.150000
22.300000
22.430000
22.580000
22.740000
22.880000
23.590000
23.760000
23.920000
24.040000
24.180000
24.340000
24.490000
24.640000
24.760000
24.890000
25.030000
25.170000
25.280000
25.420000
25.540000
25.660000
25.800000
25.920000
26.050000
26.190000
26.320000
26.810000
26.950000
27.060000
27.190000
27.300000
27.420000
27.540000
27.650000
27.780000
27.890000
28.000000
28.080000
28.170000
28.290000
28.380000
28.490000
28.560000
28.630000
28.710000
28.820000
28.890000
29.330000
29.440000
29.520000
29.610000
29.750000
29.880000
29.990000
30.120000
30.260000
30.420000
30.450000
30.570000
30.710000
30.760000
30.890000
30.990000
31.100000
31.210000
31.260000
31.360000
31.490000
31.820000
31.870000
31.930000
32.010000
32.080000
32.130000
32.210000
32.320000
32.400000
32.470000
32.560000
32.650000
32.750000
32.820000
32.890000
32.970000
33.040000
33.110000
33.180000
33.240000
33.290000
33.560000
33.630000
33.690000
33.770000
33.840000
33.910000
33.960000
34.040000
34.100000
34.150000
34.210000
34.280000
34.330000
34.370000
34.420000
34.470000
34.530000
34.570000
34.640000
34.690000
34.750000
34.960000
35.020000
35.050000
35.080000
35.150000
35.210000
35.260000
35.310000
35.360000
35.410000
35.470000
35.510000
35.560000
35.590000
35.620000
35.660000
35.700000
35.750000
35.780000
35.840000
36.050000
36.100000
36.120000
36.170000
36.210000
36.240000
36.260000
36.270000
36.300000
36.320000
36.350000
36.390000
36.410000
36.430000
36.480000
36.500000
36.520000
36.540000
36.580000
36.600000
36.620000
36.770000
36.800000
36.800000
36.840000
36.870000
36.900000
36.930000
36.940000
36.950000
37.010000
37.050000
37.070000
37.090000
37.090000
37.120000
37.140000
37.180000
37.230000
37.250000
37.270000
37.340000
37.350000
37.370000
37.380000
37.400000
37.450000
37.480000
37.510000
37.560000
37.600000
37.610000
37.630000
37.670000
37.700000
37.720000
37.750000
37.780000
37.780000
37.810000
37.830000
37.900000
37.930000
37.960000
38.000000
38.020000
38.030000
38.060000
38.100000
38.130000
38.170000
38.180000
38.200000
38.220000
38.240000
38.270000
38.280000
38.280000
38.300000
38.320000
38.330000
38.420000
38.410000
38.420000
38.440000
38.450000
38.470000
38.490000
38.520000
38.530000
38.520000
38.520000
38.540000
38.540000
38.550000
38.600000
38.640000
38.660000
38.690000
38.710000
38.730000
38.750000
38.750000
38.750000
38.760000
38.770000
38.770000
38.770000
38.770000
38.790000
38.790000
38.800000
38.790000
38.800000
38.810000
38.800000
38.790000
38.780000
38.750000
38.750000
38.760000
38.760000
38.760000
38.730000
38.720000
38.750000
38.750000
38.740000
38.750000
38.760000
38.750000
38.740000
38.730000
38.740000
38.760000
38.790000
38.780000
38.810000
38.820000
38.810000
38.790000
38.780000
38.760000
38.770000
38.780000
38.790000
38.790000
38.770000
38.750000
38.760000
38.790000
38.790000
38.770000
38.760000
38.760000
38.760000
38.750000
38.760000
38.770000
38.780000
38.770000
38.760000
38.760000
38.760000
38.740000
38.650000
38.650000
38.680000
38.700000
38.730000
38.760000
38.750000
38.740000
38.720000
38.720000
38.710000
38.700000
38.710000
38.720000
38.710000
38.720000
38.700000
38.720000
38.710000
38.720000
38.720000
38.690000
38.690000
38.680000
38.660000
38.650000
38.630000
38.600000
38.600000
38.600000
38.600000
38.570000
38.560000
38.550000
38.560000
38.550000
38.560000
38.550000
38.560000
38.560000
38.560000
38.510000
38.480000
38.480000
38.480000
38.490000
38.510000
38.500000
38.520000
38.520000
38.500000
38.480000
38.440000
38.440000
38.460000
38.440000
38.450000
38.460000
38.460000
38.470000
38.480000
38.410000
38.380000
38.370000
38.360000
38.320000
38.290000
38.270000
38.270000
38.250000
38.240000
38.190000
38.190000
38.190000
38.180000
38.170000
38.170000
38.150000
38.120000
38.090000
38.060000
37.990000
37.980000
37.970000
37.950000
37.910000
37.880000
37.870000
37.850000
37.840000
37.820000
37.830000
37.810000
37.800000
37.800000
37.780000
37.770000
37.760000
37.740000
37.710000
37.670000
37.640000
37.500000
37.490000
37.490000
37.490000
37.470000
37.470000
37.440000
37.390000
37.330000
37.300000
37.300000
37.270000
37.230000
37.190000
37.170000
37.150000
37.120000
37.110000
37.080000
37.070000
37.060000
36.870000
36.860000
36.840000
36.810000
36.780000
36.730000
36.670000
36.630000
36.610000
36.590000
36.540000
36.540000
36.510000
36.480000
36.450000
36.430000
36.400000
36.360000
36.330000
36.340000
36.180000
36.120000
36.080000
36.030000
35.990000
35.970000
35.910000
35.840000
35.800000
35.810000
35.710000
35.650000
35.570000
35.520000
35.470000
35.400000
35.350000
35.270000
35.240000
35.210000
35.160000
34.990000
34.930000
34.880000
34.810000
34.750000
34.670000
34.590000
34.500000
34.450000
34.410000
34.310000
34.200000
34.110000
34.030000
33.920000
33.810000
33.670000
33.500000
33.320000
33.110000
32.910000
32.730000
32.680000
32.580000
32.490000
32.370000
32.340000
32.310000
32.190000
-327.670000
-327.670000
-327.670000
19.220000
-70.840000
-70.690000
-70.470000
-69.900000
-69.480000
-69.320000
-69.110000
-68.880000
-68.010000
-67.800000
-67.620000
-67.350000
-66.980000
-66.690000
-66.490000
-66.330000
-66.180000
-66.030000
-65.810000
-65.560000
-65.300000
-65.100000
-64.970000
-64.880000
-64.720000
-64.480000
-64.290000
-64.010000
-62.920000
-62.790000
-62.670000
-62.610000
-62.490000
-62.320000
-62.230000
-62.050000
-61.820000
-61.570000
-61.360000
-61.180000
-61.000000
-60.800000
-60.680000
-60.540000
-60.440000
-60.280000
-60.150000
-59.950000
-59.780000
-59.000000
-58.760000
-58.560000
-58.280000
-58.070000
-57.880000
-57.690000
-57.410000
-57.270000
-57.050000
-56.830000
-56.610000
-56.420000
-56.240000
-56.060000
-55.910000
-55.780000
-55.650000
-55.460000
-55.230000
-54.280000
-54.160000
-54.000000
-53.880000
-53.670000
-53.490000
-53.350000
-53.200000
-52.990000
-52.820000
-52.680000
-52.460000
-52.190000
-52.020000
-51.880000
-51.760000
-51.620000
-51.500000
-51.310000
-51.100000
-50.880000
-50.170000
-50.010000
-49.830000
-49.670000
-49.480000
-49.290000
-49.150000
-48.960000
-48.840000
-48.670000
-48.500000
-48.310000
-48.110000
-47.950000
-47.770000
-47.610000
-47.470000
-47.280000
-47.090000
-46.880000
-45.970000
-45.790000
-45.610000
-45.420000
-45.160000
-44.990000
-44.800000
-44.680000
-44.550000
-44.360000
-44.220000
-44.090000
-44.000000
-43.830000
-43.600000
-43.390000
-43.170000
-42.980000
-42.770000
-42.650000
-42.480000
-41.870000
-41.650000
-41.460000
-41.320000
-41.200000
-41.060000
-40.840000
-40.620000
-40.480000
-40.420000
-40.270000
-40.170000
-40.070000
-39.950000
-39.890000
-39.830000
-39.740000
-39.710000
-39.770000
-39.800000
-39.780000
-39.730000
-39.640000
-39.590000
-39.530000
-39.500000
-39.450000
-39.420000
-39.410000
-39.380000
-39.400000
-39.450000
-39.490000
-39.540000
-39.500000
-39.460000
-39.470000
-39.450000
-39.470000
-39.490000
-39.480000
-39.510000
-39.500000
-39.470000
-39.450000
-39.440000
-39.440000
-39.460000
-39.500000
-39.510000
-39.520000
-39.560000
-39.550000
-39.540000
-39.480000
-39.450000
-39.440000
-39.430000
-39.440000
-39.420000
-39.440000
-39.510000
-39.480000
-39.480000
-39.510000
-39.490000
-39.510000
-39.520000
-39.520000
-39.540000
-39.590000
-39.610000
-39.640000
-39.640000
-39.650000
-39.650000
-39.630000
-39.610000
-39.590000
-39.590000
-39.550000
-39.560000
-39.530000
-39.510000
-39.520000
-39.500000
-39.500000
-39.510000
-39.510000
-39.510000
-39.570000
-39.530000
-39.530000
-39.510000
-39.510000
-39.510000
-39.510000
-39.500000
-39.510000
-39.530000
-39.540000
-39.560000
-39.540000
-39.540000
-39.550000
-39.580000
-39.560000
-39.540000
-39.540000
-39.520000
-39.500000
-39.500000
-39.510000
-39.510000
-39.520000
-39.480000
-39.470000
-39.470000
-39.480000
-39.490000
-39.500000
-39.540000
-39.560000
-39.610000
-39.640000
-39.650000
-39.660000
-39.650000
-39.660000
-39.690000
-39.680000
-39.670000
-39.640000
-39.640000
-39.640000
-39.620000
-39.600000
-39.650000
-39.660000
-39.680000
-39.650000
-39.610000
-39.610000
-39.620000
-39.620000
-39.650000
-39.640000
-39.670000
-39.690000
-39.710000
-39.700000
-39.670000
-39.670000
-39.650000
-39.660000
-39.660000
-39.650000
-39.710000
-39.710000
-39.700000
-39.680000
-39.670000
-39.660000
-39.650000
-39.680000
-39.690000
-39.670000
-39.650000
-39.650000
-39.610000
-39.610000
-39.570000
-39.580000
-39.610000
-39.610000
-39.620000
-39.620000
-39.660000
-39.680000
-39.700000
-39.710000
-39.710000
-39.710000
-39.690000
-39.540000
-39.470000
-39.430000
-39.400000
-39.410000
-39.400000
-39.370000
-39.350000
-39.280000
-39.230000
-39.180000
-39.160000
-39.080000
-39.020000
-38.930000
-38.870000
-38.840000
-38.790000
-38.760000
-38.690000
-38.680000
-38.480000
-38.420000
-38.380000
-38.360000
-38.340000
-38.330000
-38.300000
-38.240000
-38.200000
-38.160000
-38.090000
-37.990000
-37.930000
-37.880000
-37.820000
-37.730000
-37.650000
-37.560000
-37.500000
-37.440000
-37.430000
-37.360000
-37.320000
-37.260000
-37.170000
-37.120000
-37.000000
-36.930000
-36.830000
-36.730000
-36.640000
-36.550000
-36.480000
-36.360000
-36.260000
-36.180000
-36.100000
-36.010000
-35.950000
-35.850000
-35.800000
-35.730000
-35.410000
-35.330000
-35.280000
-35.220000
-35.140000
-35.050000
-34.970000
-34.900000
-34.790000
-34.700000
-34.590000
-34.520000
-34.510000
-34.460000
-34.370000
-34.230000
-34.020000
-34.050000
-34.070000
-33.920000
-33.190000
-33.070000
-33.010000
-32.920000
-32.830000
-32.760000
-327.670000
-32.700000
-32.680000
-32.620000
-32.540000
-32.460000
-32.350000
-32.250000
-32.090000
-31.960000
-31.880000
-31.760000
-31.650000
-31.530000
-31.390000
-30.950000
-30.890000
-30.800000
-30.740000
-30.640000
-30.540000
-30.410000
-30.300000
-30.190000
-30.070000
-29.930000
-29.810000
-29.710000
-29.590000
-29.500000
-29.400000
-29.290000
-29.160000
-29.050000
-28.950000
-28.820000
-28.320000
-28.160000
-28.000000
-27.880000
-27.750000
-27.620000
-27.510000
-27.370000
-27.260000
-27.130000
-26.960000
-26.820000
-26.650000
-26.520000
-26.410000
-26.310000
-26.160000
-26.030000
-25.890000
-25.750000
-25.110000
-24.930000
-24.720000
-24.530000
-24.380000
-24.230000
-24.100000
-23.970000
-23.840000
-23.690000
-23.570000
-23.450000
-23.340000
-23.250000
-23.150000
-23.040000
-22.870000
-22.720000
-22.610000
-22.510000
-22.410000
-21.930000
-21.780000
-21.620000
-21.500000
-21.340000
-21.180000
-20.980000
-20.790000
-20.650000
-20.470000
-20.320000
-20.180000
-20.060000
-19.960000
-19.850000
-19.730000
-19.590000
-19.440000
-19.300000
-19.180000
-19.050000
-18.380000
-18.240000
-18.110000
-17.980000
-17.850000
-17.720000
-17.580000
-17.450000
-17.310000
-17.190000
-17.070000
-16.940000
-16.820000
-16.680000
-16.550000
-16.410000
-16.280000
-16.140000
-15.980000
-15.830000
-15.690000
-15.190000
-15.050000
-14.880000
-14.730000
-14.600000
-14.460000
-14.310000
-14.160000
-14.020000
-13.860000
-13.730000
-13.600000
-13.490000
-13.360000
-13.230000
-13.080000
-12.930000
-12.820000
-12.710000
-12.570000
-12.440000
-11.880000
-11.710000
-11.570000
-11.430000
-11.270000
-11.140000
-11.000000
-10.870000
-10.750000
-10.580000
-10.430000
-10.300000
-10.140000
-10.020000
-9.880000
-9.740000
-9.650000
-9.480000
-9.370000
-9.220000
-8.500000
-8.360000
-8.220000
-8.070000
-7.920000
-7.770000
-7.650000
-7.510000
-7.380000
-7.230000
-7.080000
-6.970000
-6.860000
-6.770000
-6.660000
-6.540000
-6.350000
-6.230000
-6.060000
-5.940000
-5.800000
-5.190000
-5.070000
-4.920000
-4.790000
-4.610000
-4.520000
-4.420000
-4.280000
-4.150000
-3.990000
-3.870000
-3.690000
-3.560000
-3.450000
-3.330000
-3.170000
-3.030000
-2.900000
-2.760000
-2.610000
-2.430000
-1.850000
-1.720000
-1.570000
-1.430000
-1.280000
-1.120000
-1.000000
-0.850000
-0.720000
-0.610000
-0.500000
-0.380000
-0.270000
-0.150000
-0.010000
0.100000
0.240000
0.380000
0.500000
0.640000
1.320000
1.450000
1.590000
1.750000
1.920000
2.090000
2.230000
2.380000
2.530000
2.650000
2.790000
2.910000
3.060000
3.200000
3.360000
3.540000
3.680000
3.890000
4.010000
4.150000
4.250000
4.850000
4.960000
5.000000
5.120000
5.230000
5.300000
5.350000
5.410000
5.410000
5.440000
5.500000
5.600000
5.700000
5.870000
6.000000
6.080000
6.120000
6.140000
6.230000
6.360000
6.690000
6.810000
6.870000
6.850000
6.710000
6.190000
3.920000
3.580000
3.700000
3.870000
4.050000
4.160000
4.330000
4.570000
-327.670000
5.130000
5.480000
5.720000
5.970000
6.210000
6.420000
-327.670000
-327.670000
-327.670000
-327.670000
-327.670000
-327.670000
-327.670000
-327.670000
-327.670000
-327.670000
-327.670000
-327.670000
-327.670000
-327.670000
-327.670000
-327.670000
-327.670000
-327.670000
-327.670000
-327.670000
-327.670000
-327.670000
-327.670000
-327.670000
-327.670000
-327.670000
-327.670000
-327.670000
-327.670000
-327.670000
-327.670000
-327.670000
-327.670000
-327.670000
-327.670000
-327.670000
-327.670000
-327.670000
-327.670000
-327.670000
18.540000
18.710000
18.880000
19.010000
19.160000
19.340000
19.500000
19.630000
19.840000
20.000000
20.180000
20.320000
20.500000
20.690000
20.850000
21.040000
21.210000
21.340000
21.490000
21.610000
21.750000
22.260000
22.400000
22.500000
22.650000
22.790000
22.940000
23.070000
23.190000
23.330000
23.450000
23.610000
23.730000
23.860000
24.010000
24.130000
24.250000
24.380000
24.490000
24.590000
24.690000
24.820000
25.350000
25.480000
25.570000
25.700000
25.830000
25.930000
26.060000
26.180000
26.310000
26.440000
26.550000
26.670000
26.820000
26.990000
27.080000
27.190000
27.320000
27.430000
27.580000
27.670000
27.770000
28.160000
28.250000
28.320000
28.400000
28.430000
28.500000
28.530000
28.620000
28.680000
28.920000
29.020000
29.090000
29.260000
29.350000
29.370000
29.510000
29.560000
29.670000
29.770000
29.880000
29.940000
30.350000
30.460000
30.540000
30.640000
30.770000
30.860000
30.940000
31.040000
31.120000
31.210000
31.290000
31.380000
31.470000
31.530000
31.610000
31.690000
31.770000
31.830000
31.900000
31.990000
32.060000
32.370000
32.470000
32.540000
32.620000
32.690000
32.770000
32.850000
32.940000
33.010000
33.100000
33.160000
33.220000
33.270000
33.320000
33.370000
33.420000
33.470000
33.530000
33.610000
33.680000
33.750000
34.070000
34.130000
34.200000
34.260000
34.310000
34.350000
34.410000
34.470000
34.500000
34.560000
34.620000
34.670000
34.720000
34.780000
34.830000
34.880000
34.910000
34.960000
35.000000
35.060000
35.110000
35.330000
35.380000
35.420000
35.470000
35.510000
35.530000
35.570000
35.590000
35.620000
35.660000
35.700000
35.740000
35.780000
35.810000
35.850000
35.890000
35.930000
35.980000
36.010000
36.040000
36.050000
36.130000
36.170000
36.190000
36.210000
36.250000
36.300000
36.360000
36.370000
36.420000
36.490000
36.520000
36.570000
36.600000
36.620000
36.640000
36.660000
36.680000
36.690000
36.710000
36.730000
36.730000
36.770000
36.790000
36.820000
36.860000
36.900000
36.950000
36.990000
37.020000
37.070000
37.100000
37.140000
37.160000
37.190000
37.210000
37.220000
37.250000
37.260000
37.280000
37.300000
37.300000
37.330000
37.450000
37.480000
37.500000
37.520000
37.540000
37.520000
37.520000
37.550000
37.570000
37.600000
37.650000
37.670000
37.690000
37.730000
37.740000
37.760000
37.780000
37.780000
37.800000
37.820000
37.910000
37.950000
37.970000
37.970000
37.980000
37.990000
38.020000
38.020000
38.030000
38.040000
38.040000
38.070000
38.090000
38.110000
38.140000
38.160000
38.170000
38.160000
38.170000
38.180000
38.210000
38.230000
38.260000
38.280000
38.310000
38.320000
38.340000
38.380000
38.370000
38.390000
38.380000
38.370000
38.350000
38.340000
38.360000
38.360000
38.380000
38.390000
38.440000
38.440000
38.460000
38.480000
38.460000
38.440000
38.450000
38.460000
38.500000
38.530000
38.540000
38.560000
38.590000
38.600000
38.630000
38.640000
38.660000
38.680000
38.680000
38.680000
38.690000
38.700000
38.670000
38.670000
38.660000
38.660000
38.650000
38.660000
38.680000
38.680000
38.700000
38.700000
38.680000
38.680000
38.680000
38.660000
38.670000
38.670000
38.680000
38.690000
38.710000
38.750000
38.750000
38.780000
38.790000
38.770000
38.780000
38.790000
38.820000
38.820000
38.810000
38.820000
38.820000
38.800000
38.790000
38.780000
38.770000
38.750000
38.750000
38.770000
38.760000
38.750000
38.750000
38.740000
38.730000
38.750000
38.760000
38.780000
38.790000
38.810000
38.790000
38.800000
38.800000
38.770000
38.770000
38.780000
38.750000
38.780000
38.760000
38.760000
38.750000
38.760000
38.800000
38.800000
38.820000
38.800000
38.790000
38.790000
38.770000
38.770000
38.760000
38.760000
38.760000
38.750000
38.730000
38.740000
38.740000
38.750000
38.760000
38.750000
38.730000
38.710000
38.690000
38.690000
38.690000
38.690000
38.690000
38.690000
38.690000
38.700000
38.700000
38.700000
38.680000
38.670000
38.660000
38.660000
38.650000
38.630000
38.620000
38.610000
38.610000
38.590000
38.580000
38.550000
38.560000
38.570000
38.570000
38.470000
38.470000
38.470000
38.480000
38.480000
38.450000
38.460000
38.450000
38.440000
38.400000
38.380000
38.380000
38.360000
38.340000
38.310000
38.310000
38.290000
38.280000
38.300000
38.260000
38.270000
38.210000
38.210000
38.200000
38.180000
38.130000
38.100000
38.110000
38.090000
38.070000
38.050000
38.020000
37.980000
37.950000
37.920000
37.900000
37.890000
37.850000
37.830000
37.800000
37.740000
37.720000
37.620000
37.600000
37.580000
37.540000
37.500000
37.490000
37.460000
37.430000
37.380000
37.350000
37.330000
37.290000
37.250000
37.200000
37.170000
37.150000
37.110000
37.100000
37.090000
37.050000
37.030000
36.800000
36.750000
36.730000
36.720000
36.700000
36.690000
36.670000
36.650000
36.620000
36.570000
36.510000
36.470000
36.430000
36.400000
36.380000
36.380000
36.340000
36.280000
36.200000
36.160000
36.130000
36.010000
36.000000
35.950000
35.920000
35.870000
35.810000
35.780000
35.750000
35.720000
35.700000
35.640000
35.540000
35.500000
35.470000
35.410000
35.360000
35.330000
35.280000
35.230000
35.200000
35.150000
34.930000
34.890000
34.860000
34.840000
34.790000
34.690000
34.570000
34.500000
34.430000
34.340000
34.270000
34.170000
34.080000
34.040000
33.970000
33.880000
33.730000
33.640000
33.550000
33.410000
33.230000
32.620000
32.590000
32.500000
32.470000
32.370000
30.340000
24.480000
24.580000
24.700000
24.820000
24.940000
-327.670000
25.160000
25.260000
25.360000
25.460000
25.540000
25.640000
25.740000
25.820000
26.180000
26.240000
26.270000
26.310000
26.330000
26.360000
26.370000
26.380000
26.380000
26.380000
26.380000
26.380000
26.380000
26.380000
26.380000
26.380000
26.380000
26.380000
26.380000
26.380000
26.380000
26.380000
26.380000
26.380000
26.380000
26.380000
26.380000
26.380000
26.380000
26.380000
26.380000
26.380000
26.380000
26.380000
26.380000
26.380000
26.380000
26.380000
26.380000
26.380000
26.380000
26.380000
26.380000
26.380000
26.380000
26.380000
26.380000
26.380000
26.380000
26.380000
26.380000
26.380000
26.380000
26.380000
26.380000
26.380000
26.380000
26.380000
26.380000
26.380000
26.380000
26.380000
26.380000
26.380000
26.380000
26.380000
26.380000
26.380000
26.380000
26.380000
26.380000
26.380000
26.380000
26.380000
26.380000
26.380000
26.380000
26.380000
26.380000
26.380000
26.380000
26.380000
26.380000
26.380000
26.380000
26.380000
26.380000
26.380000
26.380000
26.380000
26.380000
26.380000
26.380000
26.380000
26.380000
26.380000
26.380000
26.380000
26.380000
26.380000
26.380000
26.380000
26.380000
26.380000
26.380000
26.380000
26.380000
26.380000
26.380000
26.380000
26.380000
26.380000
26.380000
26.380000
26.380000
26.380000
26.380000
26.380000
26.380000
26.380000
26.380000
26.380000
26.380000
26.380000
26.380000
26.380000
26.380000
26.380000
26.380000
26.380000
26.380000
26.380000
26.380000
26.380000
26.380000
26.380000
26.380000
26.380000
26.380000
26.380000
26.380000
26.380000
26.380000
26.380000
26.380000
26.380000
26.380000
26.380000
26.380000
26.380000
26.380000
26.380000
26.380000
26.380000
26.380000
26.380000
26.380000
26.380000
26.380000
26.380000
26.380000
26.380000
26.380000
26.380000
26.380000
26.380000
26.380000
26.380000
26.380000
26.380000
26.380000
26.380000
26.380000
26.380000
26.380000
26.380000
26.380000
26.380000
26.380000
26.380000
26.380000
26.380000
26.380000
26.380000
26.380000
26.380000
26.380000
26.380000
26.380000
26.380000
26.380000
26.380000
26.380000
26.380000
26.380000
26.380000
26.380000
26.380000
26.380000
26.380000
26.380000
26.380000
26.380000
26.380000
26.380000
26.380000
26.380000
26.380000
26.380000
26.380000
26.380000
26.380000
26.380000
26.380000
26.380000
26.380000
26.380000
26.380000
26.380000
26.380000
26.380000
26.380000
26.380000
26.380000
26.380000
26.380000
26.380000
26.380000
26.380000
26.380000
26.380000
26.380000
26.380000
26.380000
26.380000
26.380000
26.380000
26.380000
26.380000
26.380000
26.380000
26.380000
26.380000
26.380000
26.380000
26.380000
26.380000
26.380000
26.380000
26.380000
26.380000
26.380000
26.380000
26.380000
26.380000
26.380000
26.380000
26.380000
26.380000
26.380000
26.380000
26.380000
26.380000
26.380000
26.380000
26.380000
26.380000
26.380000
26.380000
26.380000
26.380000
26.380000
26.380000
26.380000
26.380000
26.380000
26.380000
26.380000
26.380000
26.380000
26.380000
26.380000
26.380000
26.380000
26.380000
26.380000
26.380000
26.380000
26.380000
26.380000
26.380000
26.380000
26.380000
26.380000
26.380000
26.380000
26.380000
26.380000
26.380000
26.380000
26.380000
26.380000
26.380000
26.380000
26.380000
26.380000
26.380000
26.380000
26.380000
26.380000
26.380000
26.380000
26.380000
26.380000
26.380000
26.380000
26.380000
26.380000
26.380000
26.380000
26.380000
26.380000
26.380000
26.380000
26.380000
26.380000
26.380000
26.380000
26.380000
26.380000
26.380000
26.380000
26.380000
26.380000
26.380000
26.380000
26.380000
26.380000
26.380000
26.380000
26.380000
26.380000
26.380000
26.380000
26.380000
26.380000
26.380000
26.380000
26.380000
26.380000
26.380000
26.380000
26.380000
26.380000
26.380000
26.380000
26.380000
26.380000
26.380000
26.380000
26.380000
26.380000
26.380000
26.380000
26.380000
26.380000
26.380000
26.380000
26.380000
26.380000
26.380000
26.380000
26.380000
26.380000
26.380000
26.380000
26.380000
26.380000
26.380000
26.380000
26.380000
26.380000
26.380000
26.380000
26.380000
26.380000
26.380000
26.380000
26.380000
26.380000
26.380000
26.380000
26.380000
26.380000
26.380000
26.380000
26.380000
26.380000
26.380000
26.380000
26.380000
26.380000
26.380000
26.380000
26.380000
26.380000
26.380000
26.380000
26.380000
26.380000
26.380000
26.380000
26.380000
26.380000
26.380000
26.380000
26.380000
26.380000
26.380000
26.380000
26.380000
26.380000
26.380000
26.380000
26.380000
26.380000
26.380000
26.380000
26.380000
26.380000
26.380000
26.380000
26.380000
26.380000
26.380000
26.380000
26.380000
26.380000
26.380000
26.380000
26.380000
26.380000
26.380000
26.380000
26.380000
26.380000
26.380000
26.380000
26.380000
26.380000
26.380000
26.380000
26.380000
26.380000
26.380000
26.380000
26.380000
26.380000
26.380000
26.380000
26.380000
26.380000
26.380000
26.380000
26.380000
26.380000
26.380000
26.380000
26.380000
26.380000
26.380000
26.380000
26.380000
26.380000
26.380000
26.380000
26.380000
26.380000
26.380000
26.380000
26.380000
26.380000
26.380000
26.380000
26.380000
26.380000
26.380000
26.380000
26.380000
26.380000
26.380000
26.380000
26.380000
26.380000
26.380000
26.380000
26.380000
26.380000
26.380000
26.380000
26.380000
26.380000
26.380000
26.380000
26.380000
26.380000
26.380000
26.380000
26.380000
26.380000
26.380000
26.380000
26.380000
26.380000
26.380000
26.380000
26.380000
26.380000
26.380000
26.380000
26.380000
26.380000
26.380000
26.380000
26.380000
26.380000
26.380000
26.380000
26.380000
26.380000
26.380000
26.380000
26.380000
26.380000
26.380000
26.380000
26.380000
26.380000
26.380000
26.380000
26.380000
26.380000
26.380000
26.380000
26.380000
26.380000
26.380000
26.380000
26.380000
26.380000
26.380000
26.380000
26.380000
26.380000
26.380000
26.380000
26.380000
26.380000
26.380000
26.380000
26.380000
26.380000
26.380000
26.380000
26.380000
26.380000
26.380000
26.380000
26.380000
26.380000
26.380000
26.380000
26.380000
26.380000
26.380000
26.380000
26.380000
26.380000
26.380000
26.380000
26.380000
26.380000
26.380000
26.380000
26.380000
26.380000
26.380000
26.380000
26.380000
26.380000
26.380000
26.380000
26.380000
26.380000
26.380000
26.380000
26.380000
26.380000
26.380000
26.380000
26.380000
26.380000
26.380000
26.380000
26.380000
26.380000
26.380000
26.380000
26.380000
26.380000
26.380000
26.380000
26.380000
26.380000
26.380000
26.380000
26.380000
26.380000
26.380000
26.380000
26.380000
26.380000
26.380000
26.380000
26.380000
26.380000
26.380000
26.380000
26.380000
26.380000
26.380000
26.380000
26.380000
26.380000
26.380000
26.380000
26.380000
26.380000
26.380000
26.380000
26.380000
26.380000
26.380000
26.380000
26.380000
26.380000
26.380000
26.380000
26.380000
26.380000
26.380000
26.380000
26.380000
26.380000
26.380000
26.380000
26.380000
26.380000
26.380000
26.380000
26.380000
26.380000
26.380000
26.380000
26.380000
26.380000
26.380000
26.380000
26.380000
26.380000
26.380000
26.380000
26.380000
26.380000
26.380000
26.380000
26.380000
26.380000
26.380000
26.380000
26.380000
26.380000
26.380000
26.380000
26.380000
26.380000
26.380000
26.380000
26.380000
26.380000
26.380000
26.380000
26.380000
26.380000
26.380000
26.380000
26.380000
26.380000
26.380000
26.380000
26.380000
26.380000
26.380000
