-39.260000
-39.250000
-39.250000
-39.250000
-39.180000
-39.030000
-38.920000
-38.760000
-38.590000
-38.420000
-38.220000
-38.030000
-37.900000
-37.730000
-37.560000
-37.440000
-37.350000
-37.280000
-37.230000
-37.110000
-36.950000
-36.760000
-36.580000
-36.420000
-36.270000
-36.100000
-35.960000
-35.800000
-35.620000
-35.470000
-35.310000
-35.160000
-35.010000
-34.840000
-34.680000
-34.550000
-34.460000
-34.340000
-34.200000
-34.020000
-33.830000
-33.670000
-33.520000
-33.310000
-33.120000
-32.910000
-32.730000
-32.520000
-32.340000
-32.160000
-32.000000
-31.840000
-31.710000
-31.600000
-31.410000
-31.220000
-31.000000
-30.830000
-30.650000
-30.490000
-30.330000
-30.180000
-29.980000
-29.850000
-29.670000
-29.470000
-29.280000
-29.040000
-28.830000
-28.620000
-28.470000
-28.250000
-28.060000
-27.850000
-27.660000
-27.510000
-27.300000
-27.160000
-26.980000
-26.800000
-26.640000
-26.470000
-26.310000
-26.120000
-25.900000
-25.720000
-25.590000
-25.410000
-25.200000
-25.000000
-24.810000
-24.650000
-24.480000
-24.270000
-24.100000
-23.950000
-23.790000
-23.640000
-23.450000
-23.290000
-23.090000
-22.900000
-22.690000
-22.540000
-22.410000
-22.230000
-22.060000
-21.860000
-21.670000
-21.480000
-21.330000
-21.120000
-20.940000
-20.740000
-20.500000
-20.330000
-20.160000
-20.000000
-19.870000
-19.720000
-19.600000
-19.460000
-19.380000
-19.240000
-19.150000
-18.960000
-18.800000
-18.630000
-18.510000
-18.410000
-18.280000
-18.150000
-17.980000
-17.860000
-17.720000
-17.590000
-17.470000
-17.290000
-17.130000
-17.010000
-16.880000
-16.730000
-16.540000
-15.670000
-11.480000
-11.260000
-11.110000
-10.980000
-10.820000
-10.630000
-10.460000
-10.270000
-10.080000
-9.900000
-9.690000
-9.530000
-9.370000
-9.210000
-9.010000
-8.860000
-8.690000
-8.530000
-8.380000
-8.220000
-8.090000
-7.940000
-7.790000
-7.580000
-7.410000
-7.290000
-7.110000
-7.000000
-6.830000
-6.660000
-6.460000
-6.290000
-6.100000
-5.910000
-5.720000
-5.510000
-5.310000
-5.150000
-4.990000
-4.850000
-4.710000
-4.540000
-4.400000
-4.210000
-4.040000
-3.900000
-3.770000
-3.620000
-3.430000
-3.190000
-2.980000
-2.740000
-2.570000
-2.400000
-2.220000
-2.100000
-1.920000
-1.800000
-1.650000
-1.470000
-1.260000
-1.090000
-0.900000
-0.720000
-0.560000
-0.370000
-0.200000
-0.010000
0.180000
0.370000
0.560000
0.720000
0.940000
1.120000
1.300000
1.440000
1.620000
1.770000
1.890000
2.050000
2.220000
2.350000
2.490000
2.720000
2.900000
3.050000
3.210000
3.400000
3.560000
3.710000
3.860000
4.010000
4.120000
4.270000
4.430000
4.620000
4.750000
4.920000
5.120000
5.300000
5.500000
5.720000
5.940000
6.110000
6.310000
6.450000
6.580000
6.730000
6.860000
7.060000
7.160000
7.330000
7.480000
7.680000
7.890000
8.090000
8.230000
8.420000
8.600000
8.760000
8.930000
9.110000
9.310000
9.480000
9.720000
9.930000
10.190000
10.430000
10.630000
10.860000
11.030000
11.210000
11.360000
11.550000
11.720000
11.840000
11.990000
12.130000
12.320000
12.460000
12.580000
12.720000
12.880000
13.040000
13.210000
13.370000
13.580000
13.750000
13.970000
14.120000
14.270000
14.450000
14.580000
14.770000
14.940000
15.100000
15.220000
15.380000
15.550000
15.700000
15.880000
16.050000
16.210000
16.400000
16.550000
16.720000
16.900000
17.060000
17.240000
17.420000
17.590000
17.740000
17.930000
18.080000
18.270000
18.450000
18.650000
18.860000
19.060000
19.270000
19.430000
19.630000
19.800000
19.940000
20.100000
20.250000
20.390000
20.550000
20.700000
20.830000
20.980000
21.090000
21.230000
21.400000
21.510000
21.670000
21.810000
21.950000
22.080000
22.260000
22.410000
22.540000
22.680000
22.850000
22.990000
23.120000
23.270000
23.420000
23.550000
23.700000
23.830000
23.980000
24.130000
24.250000
24.420000
24.580000
24.700000
24.850000
24.970000
25.080000
25.240000
25.380000
25.520000
25.650000
25.760000
25.920000
26.050000
26.160000
26.280000
26.380000
26.520000
26.650000
26.760000
26.900000
27.000000
27.100000
27.230000
27.300000
27.440000
27.560000
27.660000
27.770000
27.870000
27.980000
28.080000
28.200000
28.310000
28.430000
28.580000
28.730000
28.790000
28.830000
28.960000
29.040000
29.150000
29.230000
29.340000
29.490000
29.580000
29.670000
29.820000
29.930000
30.030000
30.160000
30.260000
30.350000
30.460000
30.560000
30.660000
30.760000
30.870000
30.930000
31.030000
31.130000
31.220000
31.290000
31.370000
31.420000
31.500000
31.600000
31.660000
31.720000
31.820000
31.920000
32.010000
32.070000
32.120000
32.210000
32.300000
32.340000
32.420000
32.510000
32.600000
32.670000
32.740000
32.810000
32.890000
32.960000
33.040000
33.110000
33.190000
33.290000
33.350000
33.420000
33.480000
33.540000
33.620000
33.690000
33.780000
33.840000
33.910000
33.990000
34.050000
34.130000
34.200000
34.270000
34.350000
34.400000
34.470000
34.540000
34.580000
34.630000
34.700000
34.760000
34.830000
34.890000
34.950000
35.000000
35.050000
35.110000
35.160000
35.210000
35.280000
35.330000
35.360000
35.410000
35.460000
35.510000
35.540000
35.580000
35.610000
35.650000
35.700000
35.750000
35.780000
35.810000
35.830000
35.860000
35.900000
35.920000
35.950000
36.000000
36.030000
36.060000
36.120000
36.150000
36.170000
36.200000
36.220000
36.250000
36.280000
36.320000
36.350000
36.380000
36.410000
36.450000
36.480000
36.510000
36.560000
36.600000
36.620000
36.670000
36.730000
36.790000
36.820000
36.870000
36.910000
36.930000
36.980000
37.010000
37.010000
37.010000
37.030000
37.020000
37.050000
37.090000
37.110000
37.120000
37.140000
37.150000
37.160000
37.180000
37.190000
37.220000
37.250000
37.280000
37.310000
37.350000
37.360000
37.370000
37.410000
37.430000
37.440000
37.460000
37.500000
37.530000
37.550000
37.570000
37.570000
37.560000
37.590000
37.620000
37.660000
37.690000
37.720000
37.760000
37.770000
37.780000
37.810000
37.830000
37.850000
37.880000
37.900000
37.920000
37.940000
37.970000
37.990000
38.020000
38.050000
38.080000
38.110000
38.110000
38.100000
38.110000
38.110000
38.120000
38.150000
38.190000
38.200000
38.220000
38.250000
38.250000
38.270000
38.290000
38.290000
38.310000
38.320000
38.320000
38.320000
38.330000
38.350000
38.360000
38.370000
38.370000
38.380000
38.410000
38.450000
38.470000
38.500000
38.520000
38.530000
38.550000
38.560000
38.590000
38.620000
38.660000
38.680000
38.680000
38.690000
38.690000
38.690000
38.700000
38.690000
38.710000
38.720000
38.740000
38.770000
38.780000
38.770000
38.780000
38.780000
38.780000
38.780000
38.810000
38.820000
38.820000
38.840000
38.820000
38.850000
38.840000
38.830000
38.850000
38.850000
38.820000
38.820000
38.820000
38.860000
38.860000
38.840000
38.840000
38.820000
38.820000
38.810000
38.780000
38.790000
38.810000
38.820000
38.830000
38.840000
38.850000
38.850000
38.840000
38.830000
38.830000
38.840000
38.840000
38.810000
38.790000
38.780000
38.780000
38.760000
38.770000
38.790000
38.780000
38.790000
38.790000
38.790000
38.790000
38.790000
38.750000
38.730000
38.720000
38.700000
38.680000
38.650000
38.640000
38.640000
38.650000
38.650000
38.620000
38.610000
38.630000
38.660000
38.670000
38.680000
38.690000
38.680000
38.680000
38.660000
38.640000
38.620000
38.630000
38.630000
38.630000
38.630000
38.640000
38.640000
38.640000
38.660000
38.660000
38.640000
38.650000
38.650000
38.620000
38.600000
38.590000
38.580000
38.570000
38.580000
38.570000
38.590000
38.570000
38.570000
38.590000
38.610000
38.600000
38.590000
38.570000
38.560000
38.540000
38.530000
38.500000
38.480000
38.470000
38.450000
38.470000
38.450000
38.410000
38.410000
38.410000
38.420000
38.420000
38.400000
38.380000
38.390000
38.390000
38.390000
38.370000
38.340000
38.340000
38.340000
38.300000
38.250000
38.210000
38.190000
38.190000
38.190000
38.190000
38.150000
38.150000
38.130000
38.160000
38.160000
38.160000
38.160000
38.130000
38.110000
38.110000
38.110000
38.130000
38.130000
38.120000
38.120000
38.100000
38.110000
38.130000
38.120000
38.110000
38.110000
38.090000
38.050000
38.040000
38.030000
38.030000
38.020000
38.000000
37.960000
37.930000
37.910000
37.900000
37.870000
37.790000
37.760000
37.740000
37.740000
37.730000
37.710000
37.700000
37.680000
37.690000
37.690000
37.700000
37.680000
37.670000
37.640000
37.640000
37.570000
37.520000
37.510000
37.460000
37.440000
37.430000
37.410000
37.400000
37.390000
37.380000
37.350000
37.350000
37.360000
37.350000
37.360000
37.350000
37.330000
37.300000
37.280000
37.270000
37.240000
37.210000
37.170000
37.130000
37.100000
37.090000
37.070000
37.070000
37.040000
36.990000
36.970000
36.950000
36.900000
36.890000
36.860000
36.850000
36.830000
36.790000
36.780000
36.720000
36.680000
36.660000
36.650000
36.610000
36.580000
36.520000
36.490000
36.460000
36.410000
36.360000
36.300000
36.240000
36.170000
36.140000
36.090000
36.060000
36.040000
36.010000
35.990000
35.970000
35.910000
35.830000
35.790000
35.720000
35.680000
35.630000
35.570000
35.550000
35.530000
35.490000
35.440000
35.400000
35.340000
35.260000
35.210000
35.170000
35.110000
35.060000
35.030000
34.980000
34.920000
34.850000
34.740000
34.650000
34.610000
34.630000
34.610000
34.580000
34.580000
34.540000
34.480000
34.350000
34.320000
34.280000
34.230000
34.140000
34.000000
33.820000
33.680000
33.540000
33.450000
33.430000
33.350000
33.250000
33.050000
32.820000
32.680000
32.520000
32.400000
32.390000
32.320000
32.220000
32.140000
32.070000
31.960000
31.810000
31.690000
31.610000
31.550000
-25.130000
-58.780000
-58.550000
-58.210000
-58.000000
-57.740000
-57.640000
-57.400000
-57.190000
-57.140000
-57.030000
-56.940000
-56.790000
-56.630000
-56.470000
-56.190000
-55.990000
-55.780000
-55.650000
-55.520000
-55.380000
-55.340000
-55.280000
-55.190000
-55.120000
-54.980000
-54.870000
-54.760000
-54.610000
-54.440000
-54.250000
-54.060000
-53.920000
-53.720000
-53.590000
-53.440000
-53.260000
-53.070000
-53.000000
-52.820000
-52.710000
-52.570000
-52.460000
-52.320000
-52.160000
-51.940000
-51.740000
-51.600000
-51.360000
-51.130000
-50.980000
-50.870000
-50.740000
-50.630000
-50.470000
-50.380000
-50.230000
-50.100000
-50.020000
-49.880000
-49.650000
-49.520000
-49.370000
-49.260000
-49.090000
-48.880000
-48.660000
-48.430000
-48.310000
-48.200000
-48.100000
-47.980000
-47.870000
-47.780000
-47.670000
-47.530000
-47.420000
-47.340000
-47.130000
-46.910000
-46.790000
-46.670000
-46.540000
-46.370000
-46.220000
-46.030000
-45.780000
-45.630000
-45.520000
-45.410000
-45.250000
-45.120000
-44.980000
-44.910000
-44.770000
-44.700000
-44.580000
-44.480000
-44.310000
-44.140000
-44.020000
-43.870000
-43.720000
-43.590000
-43.490000
-43.330000
-43.190000
-42.990000
-42.840000
-42.710000
-42.600000
-42.460000
-42.320000
-42.170000
-41.980000
-41.850000
-41.730000
-41.590000
-41.470000
-41.310000
-41.160000
-41.030000
-40.870000
-40.720000
-40.530000
-40.410000
-40.250000
-40.060000
-39.930000
-39.810000
-39.640000
-327.670000
-39.570000
-39.510000
-39.430000
-39.320000
-39.200000
-39.190000
-39.090000
-38.980000
-38.940000
-38.880000
-38.860000
-38.800000
-38.770000
-38.730000
-38.700000
-38.670000
-38.640000
-38.650000
-38.640000
-38.650000
-38.640000
-38.590000
-38.540000
-38.530000
-38.480000
-38.450000
-38.370000
-38.270000
-38.180000
-38.100000
-38.060000
-38.010000
-37.950000
-37.910000
-37.830000
-37.750000
-37.660000
-37.630000
-37.620000
-37.610000
-37.560000
-37.590000
-37.580000
-37.550000
-37.540000
-37.470000
-37.410000
-37.400000
-37.400000
-37.300000
-37.210000
-37.160000
-37.030000
-36.950000
-36.900000
-36.820000
-36.780000
-36.700000
-36.630000
-36.550000
-36.500000
-36.400000
-36.320000
-36.250000
-36.150000
-36.150000
-36.120000
-36.120000
-36.070000
-36.000000
-35.940000
-35.880000
-35.810000
-35.750000
-35.690000
-35.610000
-35.530000
-35.460000
-35.380000
-35.340000
-35.270000
-35.190000
-35.120000
-35.030000
-34.970000
-34.900000
-34.790000
-34.710000
-34.620000
-34.560000
-34.510000
-34.520000
-34.500000
-34.440000
-34.320000
-34.190000
-34.050000
-34.020000
-34.010000
-33.860000
-33.790000
-33.720000
-33.650000
-33.480000
-33.270000
-33.230000
-33.140000
-33.060000
-32.970000
-32.890000
-32.800000
-32.650000
-32.480000
-32.390000
-32.350000
-32.290000
-32.190000
-32.110000
-32.040000
-31.950000
-31.880000
-31.790000
-31.680000
-31.580000
-31.450000
-31.340000
-31.210000
-31.090000
-31.000000
-30.940000
-30.790000
-30.610000
-30.530000
-30.400000
-30.310000
-30.210000
-30.090000
-29.990000
-29.880000
-29.780000
-29.660000
-29.510000
-29.390000
-29.280000
-29.170000
-29.050000
-28.920000
-28.820000
-28.720000
-28.610000
-28.540000
-28.410000
-28.270000
-28.170000
-28.000000
-27.890000
-27.760000
-27.660000
-27.550000
-27.340000
-27.180000
-27.040000
-26.930000
-26.820000
-26.740000
-26.630000
-26.520000
-26.400000
-26.260000
-26.130000
-26.020000
-25.890000
-25.770000
-25.650000
-25.520000
-25.350000
-25.220000
-25.090000
-24.960000
-24.840000
-24.710000
-24.590000
-24.470000
-24.310000
-24.170000
-23.990000
-23.830000
-23.690000
-23.540000
-23.400000
-23.290000
-23.110000
-22.980000
-22.850000
-22.710000
-22.620000
-22.530000
-22.410000
-22.260000
-22.100000
-21.960000
-21.840000
-21.680000
-21.550000
-21.410000
-21.250000
-21.130000
-20.970000
-20.840000
-20.720000
-20.600000
-20.540000
-20.410000
-20.290000
-20.140000
-20.020000
-19.930000
-19.830000
-19.700000
-19.560000
-19.430000
-19.300000
-19.180000
-19.060000
-18.930000
-18.830000
-18.700000
-18.570000
-18.440000
-18.310000
-18.180000
-18.050000
-17.910000
-17.810000
-17.690000
-17.550000
-17.400000
-17.240000
-17.100000
-16.960000
-16.800000
-16.670000
-16.540000
-16.400000
-16.270000
-16.130000
-15.970000
-15.830000
-15.680000
-15.560000
-15.420000
-15.290000
-15.160000
-15.010000
-14.880000
-14.740000
-14.600000
-14.470000
-14.320000
-14.150000
-13.990000
-13.850000
-13.730000
-13.590000
-13.470000
-13.310000
-13.180000
-13.060000
-12.940000
-12.790000
-12.650000
-12.500000
-12.380000
-12.260000
-12.140000
-11.970000
-11.840000
-11.710000
-11.600000
-11.440000
-11.310000
-11.180000
-11.050000
-10.950000
-10.840000
-10.730000
-10.620000
-10.480000
-10.370000
-10.260000
-10.120000
-9.990000
-9.840000
-9.710000
-9.560000
-9.440000
-9.300000
-9.160000
-9.010000
-8.870000
-8.710000
-8.540000
-8.400000
-8.290000
-8.160000
-8.030000
-7.900000
-7.760000
-7.630000
-7.480000
-7.330000
-7.160000
-7.020000
-6.870000
-6.740000
-6.620000
-6.470000
-6.310000
-6.190000
-6.060000
-5.920000
-5.800000
-5.660000
-5.510000
-5.390000
-5.270000
-5.140000
-4.990000
-4.820000
-4.680000
-4.550000
-4.390000
-4.250000
-4.080000
-3.930000
-3.780000
-3.660000
-3.520000
-3.390000
-3.260000
-3.110000
-2.970000
-2.820000
-2.670000
-2.540000
-2.410000
-2.310000
-2.170000
-2.060000
-1.950000
-1.800000
-1.670000
-1.540000
-1.410000
-1.260000
-1.150000
-1.020000
-0.880000
-0.750000
-0.600000
-0.430000
-0.240000
-0.100000
0.010000
0.160000
0.310000
0.460000
0.590000
0.720000
0.890000
1.010000
1.180000
1.310000
1.450000
1.590000
1.720000
1.860000
2.010000
2.160000
2.280000
2.390000
2.510000
2.660000
2.800000
2.950000
3.080000
3.220000
3.360000
3.510000
3.670000
3.820000
3.970000
4.120000
4.240000
4.380000
4.550000
4.690000
4.820000
4.950000
5.100000
5.250000
5.380000
5.520000
5.640000
5.790000
5.930000
6.060000
6.180000
6.300000
6.410000
6.520000
6.620000
6.750000
6.850000
6.980000
7.110000
7.230000
7.380000
7.500000
7.640000
7.750000
7.900000
8.050000
8.200000
8.380000
8.530000
8.680000
8.850000
9.000000
9.200000
9.360000
9.520000
9.660000
9.820000
9.950000
10.080000
10.220000
10.350000
10.500000
10.640000
10.780000
10.900000
11.040000
11.140000
11.320000
11.460000
11.610000
11.770000
11.880000
12.010000
12.170000
12.280000
12.390000
12.520000
12.660000
12.790000
12.910000
13.030000
13.150000
13.250000
13.360000
13.490000
13.630000
13.770000
13.890000
14.000000
14.100000
14.200000
14.310000
14.420000
14.520000
14.620000
14.740000
14.880000
15.000000
15.190000
15.340000
15.520000
-327.670000
-327.670000
-327.670000
-327.670000
-327.670000
-327.670000
-327.670000
-327.670000
-327.670000
-327.670000
-327.670000
-327.670000
-327.670000
-327.670000
-327.670000
-327.670000
-327.670000
-327.670000
-327.670000
-327.670000
-327.670000
-327.670000
-327.670000
-327.670000
-327.670000
-327.670000
-327.670000
-327.670000
-327.670000
-327.670000
-327.670000
-327.670000
-327.670000
-327.670000
-327.670000
-327.670000
-327.670000
-327.670000
-327.670000
-327.670000
-327.670000
-327.670000
-327.670000
-327.670000
20.210000
20.440000
20.660000
20.820000
21.010000
21.140000
21.290000
21.430000
21.580000
21.710000
21.830000
21.990000
22.110000
22.240000
22.400000
22.550000
22.660000
22.810000
22.950000
23.060000
23.160000
23.320000
23.440000
23.580000
23.720000
23.870000
23.990000
24.160000
24.290000
24.430000
24.560000
24.690000
24.840000
24.970000
25.090000
25.250000
25.350000
25.480000
25.610000
25.720000
25.840000
25.950000
26.100000
26.190000
26.270000
26.420000
26.510000
26.590000
26.720000
26.850000
26.950000
27.080000
27.180000
27.290000
27.400000
27.490000
27.610000
27.710000
27.820000
27.940000
28.040000
28.130000
28.220000
28.320000
28.410000
28.490000
28.560000
28.650000
28.730000
29.640000
29.740000
29.810000
29.900000
29.960000
30.070000
30.150000
30.240000
30.310000
30.390000
30.470000
30.550000
30.630000
30.700000
30.810000
30.900000
30.960000
31.050000
31.150000
31.200000
31.260000
31.340000
31.410000
31.490000
31.570000
31.640000
31.740000
31.800000
31.870000
31.960000
32.050000
32.100000
32.190000
32.250000
32.300000
32.350000
32.420000
32.460000
32.520000
32.600000
32.660000
32.710000
32.780000
32.810000
32.850000
32.910000
32.980000
33.030000
33.100000
33.150000
33.210000
33.290000
33.340000
33.400000
33.470000
33.540000
33.600000
33.660000
33.700000
33.750000
33.790000
33.830000
33.880000
33.940000
33.980000
34.040000
34.080000
34.160000
34.200000
34.240000
34.270000
34.280000
34.310000
34.350000
34.390000
34.430000
34.460000
34.510000
34.560000
34.590000
34.630000
34.670000
34.690000
34.730000
34.780000
34.820000
34.870000
34.900000
34.930000
34.940000
34.980000
35.000000
35.030000
35.050000
35.110000
35.170000
35.190000
35.230000
35.260000
35.290000
35.340000
35.360000
35.390000
35.390000
35.400000
35.430000
35.460000
35.500000
35.500000
35.550000
35.590000
35.610000
35.650000
35.690000
35.720000
35.760000
35.800000
35.840000
35.860000
35.880000
35.920000
35.970000
35.990000
36.020000
36.070000
36.100000
36.130000
36.180000
36.220000
36.270000
36.320000
36.350000
36.350000
36.380000
36.420000
36.440000
36.460000
36.490000
36.490000
36.510000
36.530000
36.540000
36.570000
36.590000
36.580000
36.610000
36.640000
36.650000
36.660000
36.670000
36.690000
36.720000
36.770000
36.790000
36.810000
36.840000
36.840000
36.880000
36.910000
36.940000
37.000000
37.020000
37.020000
37.060000
37.090000
37.110000
37.140000
37.160000
37.190000
37.230000
37.230000
37.260000
37.280000
37.280000
37.310000
37.320000
37.340000
37.360000
37.370000
37.410000
37.410000
37.420000
37.430000
37.430000
37.460000
37.460000
37.500000
37.520000
37.540000
37.550000
37.550000
37.560000
37.570000
37.580000
37.570000
37.580000
37.610000
37.640000
37.670000
37.680000
37.720000
37.740000
37.780000
37.760000
37.750000
37.750000
37.770000
37.790000
37.820000
37.830000
37.830000
37.830000
37.830000
37.840000
37.860000
37.880000
37.900000
37.910000
37.910000
37.920000
37.930000
37.940000
37.970000
37.990000
38.030000
38.060000
38.080000
38.110000
38.130000
38.130000
38.160000
38.170000
38.190000
38.190000
38.180000
38.180000
38.210000
38.200000
38.180000
38.200000
38.200000
38.230000
38.240000
38.240000
38.250000
38.260000
38.280000
38.310000
38.330000
38.340000
38.350000
38.350000
38.350000
38.340000
38.330000
38.320000
38.330000
38.370000
38.380000
38.370000
38.380000
38.400000
38.440000
38.450000
38.480000
38.480000
38.480000
38.490000
38.510000
38.520000
38.520000
38.530000
38.530000
38.540000
38.560000
38.560000
38.580000
38.620000
38.610000
38.600000
38.600000
38.630000
38.650000
38.620000
38.600000
38.590000
38.570000
38.590000
38.600000
38.580000
38.600000
38.610000
38.630000
38.640000
38.660000
38.680000
38.700000
38.710000
38.700000
38.710000
38.700000
38.670000
38.670000
38.680000
38.680000
38.710000
38.710000
38.730000
38.740000
38.750000
38.760000
38.760000
38.760000
38.760000
38.770000
38.750000
38.730000
38.730000
38.710000
38.700000
38.700000
38.710000
38.730000
38.760000
38.760000
38.770000
38.790000
38.810000
38.840000
38.830000
38.820000
38.850000
38.850000
38.850000
38.840000
38.830000
38.850000
38.840000
38.870000
38.850000
38.860000
38.850000
38.830000
38.830000
38.830000
38.840000
38.850000
38.880000
38.890000
38.890000
38.900000
38.900000
38.900000
38.890000
38.890000
38.900000
38.920000
38.920000
38.890000
38.910000
38.920000
38.920000
38.940000
38.920000
38.910000
38.920000
38.920000
38.870000
38.820000
38.820000
38.800000
38.830000
38.830000
38.840000
38.840000
38.820000
38.800000
38.820000
38.800000
38.790000
38.780000
38.820000
38.780000
38.790000
38.820000
38.850000
38.860000
38.820000
38.800000
38.780000
38.780000
38.780000
38.770000
38.780000
38.770000
38.780000
38.760000
38.750000
38.740000
38.740000
38.730000
38.730000
38.710000
38.690000
38.640000
38.600000
38.620000
38.610000
38.620000
38.610000
38.580000
38.590000
38.590000
38.560000
38.550000
38.540000
38.520000
38.480000
38.440000
38.390000
38.390000
38.360000
38.370000
38.370000
38.360000
38.380000
38.380000
38.350000
38.300000
38.280000
38.260000
38.220000
38.180000
38.170000
38.170000
38.140000
38.060000
38.030000
38.000000
37.990000
37.990000
37.990000
37.970000
37.950000
37.930000
37.890000
37.850000
37.830000
37.800000
37.760000
37.750000
37.730000
37.700000
37.640000
37.590000
37.570000
37.560000
37.540000
37.510000
37.480000
37.460000
37.470000
37.460000
37.440000
37.430000
37.400000
37.360000
37.320000
37.290000
37.250000
37.210000
37.190000
37.170000
37.150000
37.130000
37.100000
37.070000
37.020000
36.980000
36.940000
36.920000
36.840000
36.790000
36.710000
36.650000
36.600000
36.580000
36.550000
36.530000
36.510000
36.440000
36.380000
36.330000
36.280000
36.250000
36.200000
36.160000
36.130000
36.100000
36.070000
36.030000
35.960000
35.900000
35.830000
35.750000
35.650000
35.540000
35.450000
35.330000
35.230000
35.140000
35.050000
34.940000
34.830000
34.740000
34.640000
34.460000
34.320000
34.200000
34.080000
34.050000
34.020000
33.970000
33.940000
33.880000
27.790000
25.840000
25.920000
25.990000
26.040000
26.110000
26.190000
26.240000
26.300000
26.340000
26.380000
26.420000
26.460000
26.490000
26.540000
26.570000
26.580000
26.580000
26.590000
26.590000
26.590000
26.590000
26.590000
26.600000
26.600000
26.590000
26.590000
26.590000
26.590000
26.580000
26.580000
26.580000
26.580000
26.580000
26.580000
26.580000
26.570000
26.570000
26.570000
26.570000
26.570000
26.570000
26.570000
26.570000
26.570000
26.570000
26.570000
26.570000
26.570000
26.570000
26.570000
26.570000
26.570000
26.570000
26.570000
26.570000
26.570000
26.570000
26.570000
26.570000
26.570000
26.570000
26.570000
26.570000
26.570000
26.570000
26.570000
26.570000
26.570000
26.570000
26.570000
26.570000
26.570000
26.570000
26.570000
26.570000
26.570000
26.570000
26.570000
26.570000
26.570000
26.560000
26.570000
26.570000
26.570000
26.570000
26.570000
26.570000
26.570000
26.570000
26.570000
26.570000
26.570000
26.570000
26.570000
26.570000
26.570000
26.560000
26.570000
26.570000
26.570000
26.570000
26.570000
26.570000
26.570000
26.570000
26.570000
26.570000
26.570000
26.570000
26.560000
26.560000
26.570000
26.570000
26.570000
26.570000
26.570000
26.560000
26.570000
26.570000
26.560000
26.570000
26.570000
26.570000
26.570000
26.570000
26.570000
26.570000
26.570000
26.570000
26.570000
26.570000
26.570000
26.570000
26.570000
26.570000
26.570000
26.560000
26.560000
26.570000
26.560000
26.570000
26.570000
26.570000
26.560000
26.560000
26.560000
26.570000
26.570000
26.570000
26.570000
26.570000
26.570000
26.570000
26.570000
26.570000
26.570000
26.570000
26.570000
26.570000
26.570000
26.570000
26.570000
26.570000
26.560000
26.570000
26.570000
26.570000
26.570000
26.570000
26.560000
26.570000
26.570000
26.570000
26.570000
26.570000
26.560000
26.560000
26.560000
26.570000
26.570000
26.570000
26.570000
26.570000
26.570000
26.570000
26.560000
26.570000
26.560000
26.570000
26.560000
26.570000
26.570000
26.570000
26.560000
26.570000
26.570000
26.560000
26.570000
26.570000
26.560000
26.570000
26.560000
26.560000
26.570000
26.560000
26.570000
26.570000
26.570000
26.570000
26.570000
26.570000
26.560000
26.570000
26.570000
26.570000
26.560000
26.560000
26.560000
26.560000
26.560000
26.560000
26.570000
26.560000
26.560000
26.560000
26.560000
26.560000
26.560000
26.560000
26.560000
26.560000
26.560000
26.560000
26.560000
26.560000
26.560000
26.560000
26.560000
26.560000
26.560000
26.560000
26.570000
26.560000
26.560000
26.570000
26.560000
26.570000
26.560000
26.570000
26.560000
26.560000
26.560000
26.560000
26.570000
26.570000
26.560000
26.560000
26.560000
26.560000
26.560000
26.570000
26.560000
26.560000
26.570000
26.570000
26.560000
26.560000
26.560000
26.560000
26.560000
26.560000
26.560000
26.560000
26.560000
26.560000
26.560000
26.560000
26.560000
26.560000
26.560000
26.570000
26.560000
26.560000
26.560000
26.570000
26.560000
26.560000
26.560000
26.570000
26.560000
26.570000
26.570000
26.560000
26.560000
26.570000
26.570000
26.560000
26.560000
26.560000
26.560000
26.560000
26.570000
26.560000
26.560000
26.560000
26.560000
26.570000
26.560000
26.560000
26.570000
26.570000
26.570000
26.570000
26.570000
26.560000
26.560000
26.560000
26.560000
26.560000
26.560000
26.560000
26.560000
26.560000
26.560000
26.560000
26.560000
26.560000
26.570000
26.560000
26.560000
26.560000
26.570000
26.570000
26.560000
26.560000
26.560000
26.560000
26.570000
26.560000
26.560000
26.560000
26.560000
26.570000
26.570000
26.560000
26.560000
26.560000
26.560000
26.560000
26.560000
26.560000
26.560000
26.560000
26.570000
26.570000
26.560000
26.560000
26.560000
26.560000
26.560000
26.560000
26.560000
26.560000
26.570000
26.560000
26.560000
26.560000
26.560000
26.570000
26.560000
26.560000
26.560000
26.570000
26.570000
26.570000
26.560000
26.560000
26.560000
26.560000
26.570000
26.560000
26.570000
26.570000
26.560000
26.560000
26.570000
26.570000
26.560000
26.560000
26.560000
26.560000
26.570000
26.570000
26.560000
26.560000
26.560000
26.560000
26.560000
26.560000
26.570000
26.560000
26.560000
26.560000
26.570000
26.560000
26.560000
26.560000
26.560000
26.560000
26.560000
26.560000
26.560000
26.560000
26.560000
26.560000
26.560000
26.560000
26.560000
26.570000
26.570000
26.560000
26.560000
26.560000
26.560000
26.560000
26.560000
26.560000
26.560000
26.560000
26.560000
26.560000
26.560000
26.560000
26.560000
26.560000
26.560000
26.560000
26.560000
26.560000
26.570000
26.570000
26.570000
26.570000
26.560000
26.560000
26.570000
26.570000
26.560000
26.560000
26.560000
26.560000
26.560000
26.570000
26.560000
26.560000
26.560000
26.560000
26.570000
26.570000
26.570000
26.570000
26.560000
26.570000
26.560000
26.570000
26.560000
26.560000
26.560000
26.560000
26.560000
26.560000
26.560000
26.570000
26.560000
26.560000
26.560000
26.570000
26.560000
26.560000
26.560000
26.560000
26.560000
26.570000
26.560000
26.570000
26.560000
26.560000
26.560000
26.560000
26.560000
26.570000
26.560000
26.560000
26.560000
26.560000
26.560000
26.570000
26.560000
26.560000
26.560000
26.560000
26.570000
26.570000
26.570000
26.570000
26.570000
26.570000
26.570000
26.570000
26.570000
26.570000
26.570000
26.560000
26.570000
26.560000
26.560000
26.560000
26.560000
26.560000
26.560000
26.560000
26.570000
26.560000
26.560000
26.560000
26.560000
26.560000
26.560000
26.560000
26.560000
26.560000
26.560000
26.560000
26.560000
26.560000
26.560000
26.560000
26.560000
26.560000
26.560000
26.560000
26.560000
26.560000
26.560000
26.570000
26.560000
26.560000
26.570000
26.560000
26.570000
26.560000
26.560000
26.560000
26.560000
26.560000
26.560000
26.560000
26.560000
26.560000
26.560000
26.560000
26.560000
26.560000
26.560000
26.560000
26.560000
26.560000
26.560000
26.570000
26.570000
26.560000
26.560000
26.560000
26.570000
26.560000
26.570000
26.570000
26.570000
26.570000
26.570000
26.570000
26.560000
26.570000
26.560000
26.560000
26.560000
26.560000
26.560000
26.560000
26.560000
26.560000
26.560000
26.560000
26.560000
26.560000
26.570000
26.570000
26.560000
26.560000
26.560000
26.560000
26.560000
26.560000
26.560000
26.560000
26.560000
26.570000
26.570000
26.560000
26.570000
26.560000
26.560000
26.560000
26.560000
26.560000
26.560000
26.570000
26.560000
26.570000
26.560000
26.560000
26.560000
26.560000
26.560000
26.560000
26.560000
26.560000
26.560000
26.560000
26.560000
26.560000
26.560000
26.560000
26.560000
26.560000
26.560000
26.560000
26.560000
26.560000
26.570000
26.560000
26.560000
26.560000
26.560000
26.560000
26.560000
26.570000
26.560000
26.560000
26.560000
26.560000
26.560000
26.560000
26.560000
26.560000
26.560000
26.560000
26.560000
26.560000
26.560000
26.560000
26.560000
26.570000
26.560000
26.560000
26.560000
26.560000
26.570000
26.560000
26.570000
26.560000
26.560000
26.570000
26.560000
26.570000
26.560000
26.560000
26.560000
26.560000
26.570000
26.560000
26.570000
26.560000
26.560000
26.560000
26.560000
26.570000
26.570000
26.570000
26.560000
26.560000
26.560000
26.560000
26.560000
26.560000
26.560000
26.560000
26.560000
26.560000
26.560000
26.560000
26.560000
26.560000
26.560000
26.560000
26.560000
26.560000
26.560000
26.570000
26.560000
26.560000
26.560000
26.560000
26.560000
26.560000
26.560000
26.570000
26.560000
26.560000
26.560000
26.560000
26.560000
26.560000
26.560000
26.560000
26.570000
26.560000
26.570000
26.560000
26.560000
26.560000
26.560000
26.570000
26.560000
26.560000
26.570000
26.570000
26.570000
26.560000
26.560000
26.560000
26.560000
26.560000
26.560000
26.560000
26.560000
26.560000
26.560000
26.560000
26.560000
26.560000
26.560000
26.560000
26.560000
26.560000
26.560000
26.560000
26.560000
26.560000
26.560000
26.560000
26.560000
26.560000
26.560000
26.560000
26.560000
26.560000
26.560000
26.560000
26.560000
26.560000
26.560000
26.560000
26.560000
26.560000
26.560000
26.560000
26.560000
26.570000
26.570000
26.560000
26.560000
26.560000
26.560000
26.570000
26.560000
26.560000
26.570000
26.560000
26.560000
26.570000
26.570000
26.570000
26.560000
26.560000
26.560000
26.560000
26.560000
26.560000
26.560000
26.560000
26.560000
26.560000
26.560000
26.560000
26.560000
26.560000
26.560000
26.560000
26.560000
26.560000
26.570000
26.560000
26.570000
26.570000
26.560000
26.560000
26.570000
