36.200000
36.200000
36.200000
36.200000
36.200000
36.210000
36.240000
36.260000
36.280000
36.320000
36.360000
36.390000
36.420000
36.440000
36.460000
36.480000
36.550000
36.580000
36.600000
36.630000
36.650000
36.670000
36.710000
36.740000
36.770000
36.780000
36.820000
36.850000
36.880000
36.890000
36.890000
36.900000
36.920000
36.920000
36.950000
36.980000
37.020000
37.200000
37.240000
37.260000
37.260000
37.280000
37.300000
37.330000
37.330000
37.340000
37.360000
37.380000
37.410000
37.440000
37.450000
37.460000
37.490000
37.540000
37.580000
37.630000
37.640000
37.660000
37.750000
37.790000
37.810000
37.850000
37.890000
37.930000
37.960000
37.970000
37.990000
37.990000
38.000000
38.030000
38.060000
38.090000
38.110000
38.140000
38.160000
38.180000
38.190000
38.200000
38.270000
38.310000
38.350000
38.380000
38.410000
38.440000
38.480000
38.490000
38.500000
38.500000
38.520000
38.490000
38.460000
38.470000
38.490000
38.500000
38.510000
38.550000
38.570000
38.590000
38.620000
38.720000
38.750000
38.750000
38.730000
38.720000
38.710000
38.690000
38.680000
38.680000
38.690000
38.690000
38.710000
38.730000
38.750000
38.760000
38.760000
38.740000
38.740000
38.730000
38.740000
38.750000
38.740000
38.740000
38.770000
38.780000
38.770000
38.780000
38.790000
38.800000
38.790000
38.770000
38.750000
38.740000
38.740000
38.730000
38.720000
38.730000
38.730000
38.740000
38.750000
38.750000
38.770000
38.780000
38.760000
38.750000
38.760000
38.760000
38.760000
38.750000
38.740000
38.730000
38.750000
38.770000
38.790000
38.810000
38.810000
38.790000
38.780000
38.800000
38.820000
38.810000
38.820000
38.770000
38.780000
38.790000
38.800000
38.810000
38.830000
38.840000
38.810000
38.800000
38.790000
38.810000
38.820000
38.820000
38.820000
38.770000
38.760000
38.730000
38.710000
38.700000
38.700000
38.700000
38.680000
38.680000
38.660000
38.650000
38.630000
38.650000
38.650000
38.660000
38.640000
38.620000
38.620000
38.630000
38.660000
38.680000
38.670000
38.660000
38.660000
38.680000
38.670000
38.660000
38.630000
38.510000
38.500000
38.490000
38.490000
38.500000
38.500000
38.520000
38.520000
38.510000
38.510000
38.510000
38.490000
38.470000
38.470000
38.480000
38.480000
38.470000
38.460000
38.450000
38.450000
38.380000
38.340000
38.190000
38.150000
38.160000
38.220000
38.190000
38.210000
38.190000
38.220000
38.270000
38.290000
38.280000
38.300000
38.260000
38.240000
38.230000
38.200000
38.190000
38.190000
38.130000
38.100000
38.100000
38.100000
38.110000
38.110000
38.100000
38.060000
38.060000
38.060000
38.030000
37.990000
37.960000
37.950000
37.940000
37.920000
37.890000
37.890000
37.880000
37.870000
37.850000
37.840000
37.780000
37.760000
37.740000
37.710000
37.710000
37.650000
37.630000
37.600000
37.580000
37.560000
37.530000
37.490000
37.440000
37.410000
37.400000
37.380000
37.330000
37.310000
37.310000
37.290000
37.090000
37.040000
37.030000
37.020000
36.980000
36.960000
36.940000
36.910000
36.870000
36.810000
36.770000
36.730000
36.690000
36.670000
36.650000
36.600000
36.560000
36.520000
36.490000
36.430000
36.380000
36.220000
36.170000
36.130000
36.070000
36.030000
35.990000
35.930000
35.890000
35.830000
35.800000
35.760000
35.680000
35.660000
35.600000
35.560000
35.530000
35.460000
35.420000
35.360000
35.300000
34.950000
34.870000
34.800000
34.740000
34.680000
34.560000
34.460000
34.370000
34.240000
34.130000
34.010000
33.880000
33.740000
33.610000
33.410000
33.210000
32.980000
32.900000
32.790000
32.760000
32.740000
32.110000
31.720000
-327.670000
-327.670000
-327.670000
-327.670000
-327.670000
-327.670000
-327.670000
-327.670000
-327.670000
-327.670000
-327.670000
-327.670000
-327.670000
-327.670000
-327.670000
-327.670000
-327.670000
-327.670000
-327.670000
-327.670000
-327.670000
-327.670000
-327.670000
-327.670000
-327.670000
-327.670000
-327.670000
-327.670000
-327.670000
-327.670000
-327.670000
-327.670000
-327.670000
-327.670000
-327.670000
-327.670000
-327.670000
-327.670000
-327.670000
-327.670000
-327.670000
-327.670000
-327.670000
-327.670000
-327.670000
-327.670000
-327.670000
-327.670000
-327.670000
-327.670000
-327.670000
-327.670000
-327.670000
-327.670000
-327.670000
-327.670000
-327.670000
-327.670000
-327.670000
-327.670000
-327.670000
-327.670000
-327.670000
-327.670000
-327.670000
-327.670000
-327.670000
-74.720000
-74.510000
-74.330000
-74.060000
-73.850000
-73.650000
-73.510000
-73.350000
-73.190000
-73.010000
-72.810000
-72.640000
-72.520000
-72.330000
-71.160000
-71.120000
-70.990000
-70.780000
-70.690000
-70.800000
-70.590000
-70.390000
-70.180000
-69.950000
-69.730000
-69.550000
-69.370000
-69.090000
-68.950000
-68.810000
-68.630000
-68.500000
-68.330000
-68.170000
-68.020000
-67.110000
-66.860000
-66.660000
-66.400000
-66.230000
-66.080000
-65.930000
-65.700000
-65.490000
-65.270000
-65.130000
-64.910000
-64.780000
-64.660000
-64.450000
-64.220000
-64.050000
-63.800000
-63.620000
-63.450000
-63.290000
-62.310000
-62.180000
-62.080000
-61.950000
-61.700000
-61.550000
-61.420000
-61.220000
-60.990000
-60.830000
-60.650000
-60.440000
-60.190000
-60.040000
-59.880000
-59.660000
-59.430000
-59.270000
-59.050000
-58.960000
-58.040000
-57.820000
-57.580000
-57.380000
-57.220000
-57.020000
-56.850000
-56.710000
-56.470000
-56.230000
-56.110000
-55.940000
-55.780000
-55.520000
-55.340000
-55.140000
-54.920000
-54.800000
-54.690000
-54.540000
-54.410000
-53.690000
-53.530000
-53.450000
-53.350000
-53.160000
-53.030000
-52.830000
-52.620000
-52.460000
-52.250000
-52.110000
-51.970000
-51.760000
-51.570000
-51.330000
-51.100000
-50.950000
-50.730000
-50.560000
-50.370000
-49.580000
-49.380000
-49.160000
-48.880000
-48.660000
-48.410000
-48.220000
-48.030000
-47.870000
-47.710000
-47.590000
-47.430000
-47.320000
-47.150000
-46.920000
-46.690000
-46.520000
-46.360000
-46.140000
-45.960000
-45.790000
-44.890000
-44.750000
-44.600000
-44.390000
-44.240000
-44.050000
-43.870000
-43.700000
-43.530000
-43.340000
-43.130000
-42.940000
-42.730000
-42.520000
-42.370000
-42.210000
-42.060000
-41.930000
-41.790000
-41.590000
-40.840000
-327.670000
-327.670000
-327.670000
-327.670000
-327.670000
-327.670000
-327.670000
-327.670000
-327.670000
-327.670000
-38.660000
-38.470000
-38.260000
-38.070000
-37.890000
-37.710000
-37.550000
-37.380000
-37.210000
-37.060000
-36.410000
-36.270000
-36.170000
-36.040000
-35.920000
-35.840000
-35.750000
-35.720000
-35.700000
-35.670000
-35.660000
-35.640000
-35.620000
-35.570000
-35.560000
-35.580000
-35.580000
-35.570000
-35.560000
-35.550000
-35.510000
-35.500000
-35.490000
-35.530000
-35.560000
-35.580000
-35.540000
-35.550000
-35.500000
-35.520000
-35.510000
-35.490000
-35.520000
-35.520000
-35.500000
-35.500000
-35.470000
-35.440000
-35.410000
-35.400000
-35.350000
-35.250000
-35.220000
-35.220000
-35.200000
-35.200000
-35.200000
-35.180000
-35.220000
-35.190000
-35.240000
-35.250000
-35.290000
-35.290000
-35.330000
-35.330000
-35.320000
-35.330000
-35.350000
-35.310000
-35.300000
-35.250000
-35.100000
-35.100000
-35.080000
-35.110000
-35.140000
-35.110000
-35.070000
-35.030000
-34.990000
-34.970000
-34.960000
-34.970000
-35.000000
-35.060000
-35.120000
-35.140000
-35.140000
-35.180000
-35.150000
-35.160000
-35.080000
-35.100000
-35.100000
-35.120000
-35.120000
-35.140000
-35.130000
-35.140000
-35.130000
-35.120000
-35.130000
-35.160000
-35.180000
-35.200000
-35.220000
-35.190000
-35.160000
-35.120000
-35.100000
-35.070000
-35.060000
-35.040000
-35.000000
-34.990000
-35.020000
-35.010000
-35.010000
-34.960000
-34.930000
-34.910000
-34.880000
-34.830000
-34.780000
-34.740000
-34.700000
-34.680000
-34.630000
-34.600000
-34.560000
-34.520000
-34.480000
-34.450000
-34.410000
-34.320000
-34.290000
-34.230000
-34.190000
-34.130000
-34.100000
-34.070000
-34.030000
-34.000000
-33.990000
-34.000000
-33.980000
-33.940000
-33.910000
-33.850000
-33.800000
-33.730000
-33.670000
-33.620000
-33.550000
-33.490000
-33.180000
-33.140000
-33.070000
-33.030000
-32.980000
-32.920000
-32.880000
-32.830000
-32.770000
-32.740000
-32.660000
-32.580000
-32.480000
-32.380000
-32.300000
-32.210000
-32.180000
-32.080000
-32.000000
-31.910000
-31.950000
-31.510000
-31.490000
-31.400000
-31.310000
-31.310000
-31.240000
-31.180000
-31.090000
-31.020000
-30.880000
-30.770000
-30.650000
-30.440000
-30.320000
-30.400000
-30.400000
-30.270000
-30.180000
-30.080000
-30.030000
-29.750000
-29.700000
-29.660000
-29.510000
-29.380000
-29.320000
-29.170000
-29.110000
-28.990000
-28.870000
-28.780000
-28.670000
-28.590000
-28.520000
-28.490000
-28.410000
-28.340000
-28.280000
-28.150000
-27.870000
-27.730000
-27.280000
-27.190000
-27.150000
-27.060000
-27.000000
-26.870000
-327.670000
-26.550000
-26.420000
-26.260000
-26.160000
-26.050000
-25.950000
-25.850000
-25.710000
-25.630000
-25.530000
-25.450000
-25.360000
-25.230000
-25.120000
-24.540000
-24.430000
-24.290000
-24.140000
-23.990000
-23.870000
-23.730000
-23.620000
-23.530000
-23.420000
-23.300000
-23.190000
-23.050000
-22.900000
-22.790000
-22.690000
-22.590000
-22.460000
-22.340000
-22.170000
-22.050000
-21.440000
-21.300000
-21.170000
-21.030000
-20.910000
-20.810000
-20.700000
-20.570000
-20.450000
-20.280000
-20.150000
-20.020000
-19.870000
-19.740000
-19.600000
-19.470000
-19.290000
-19.150000
-19.010000
-18.870000
-18.750000
-18.060000
-17.920000
-17.800000
-17.680000
-17.520000
-17.410000
-17.260000
-17.150000
-17.040000
-16.850000
-16.720000
-16.580000
-16.470000
-16.360000
-16.240000
-16.080000
-15.960000
-15.800000
-15.640000
-15.490000
-14.650000
-14.510000
-14.390000
-14.250000
-14.100000
-13.990000
-13.880000
-13.760000
-13.630000
-13.480000
-13.350000
-13.190000
-13.070000
-12.950000
-12.810000
-12.680000
-12.540000
-12.410000
-12.270000
-12.140000
-11.980000
-11.390000
-11.260000
-11.160000
-11.010000
-10.900000
-10.750000
-10.580000
-10.430000
-10.290000
-10.180000
-10.070000
-9.960000
-9.820000
-9.680000
-9.540000
-9.410000
-9.310000
-9.160000
-9.000000
-8.860000
-8.700000
-8.040000
-7.920000
-7.770000
-7.620000
-7.470000
-7.330000
-7.200000
-7.060000
-6.920000
-6.770000
-6.640000
-6.530000
-6.390000
-6.250000
-6.090000
-5.940000
-5.800000
-5.660000
-5.510000
-5.370000
-5.240000
-4.670000
-4.530000
-4.380000
-4.270000
-4.040000
-3.880000
-3.730000
-3.580000
-3.440000
-3.320000
-3.200000
-3.080000
-2.930000
-2.820000
-2.690000
-2.540000
-2.460000
-2.330000
-2.200000
-2.040000
-1.900000
-1.270000
-1.110000
-0.980000
-0.820000
-0.690000
-0.540000
-0.400000
-0.240000
-0.090000
0.070000
0.210000
0.350000
0.500000
0.640000
0.790000
0.940000
1.070000
1.180000
1.320000
1.470000
1.600000
2.250000
2.390000
2.510000
2.670000
2.860000
2.980000
3.130000
3.250000
3.390000
3.510000
3.620000
3.760000
3.880000
4.000000
4.160000
4.280000
4.410000
4.570000
4.720000
4.840000
4.970000
5.650000
5.810000
5.950000
6.060000
6.200000
6.350000
6.510000
6.640000
6.760000
6.880000
6.990000
7.100000
7.230000
7.340000
7.470000
7.580000
7.690000
7.810000
7.960000
8.070000
8.200000
8.860000
9.000000
9.190000
9.370000
9.520000
9.660000
9.780000
9.960000
10.090000
10.200000
10.320000
10.460000
10.640000
10.770000
10.890000
11.060000
11.200000
11.360000
11.530000
11.700000
11.830000
12.430000
12.550000
12.650000
12.770000
12.910000
13.020000
13.160000
13.300000
13.440000
13.600000
13.760000
13.950000
14.110000
14.260000
14.380000
14.510000
14.660000
14.770000
14.890000
15.020000
15.150000
15.670000
15.810000
15.930000
16.070000
16.190000
16.320000
16.440000
16.540000
16.650000
16.790000
16.920000
17.060000
17.220000
17.390000
17.560000
17.730000
17.860000
18.020000
18.170000
18.310000
18.440000
19.020000
19.140000
19.250000
19.390000
19.530000
19.670000
19.800000
19.940000
20.070000
20.210000
20.360000
20.480000
20.610000
20.750000
20.880000
20.980000
21.100000
21.220000
21.330000
21.450000
21.570000
22.040000
22.160000
22.260000
22.370000
22.480000
22.610000
22.710000
22.820000
22.940000
23.050000
23.150000
23.260000
23.370000
23.490000
23.600000
23.700000
23.790000
23.890000
23.960000
24.040000
24.150000
24.580000
24.660000
24.750000
24.830000
24.920000
25.010000
25.090000
25.180000
25.310000
25.370000
25.430000
25.470000
25.570000
25.650000
25.720000
25.830000
25.930000
26.040000
26.130000
26.260000
26.360000
26.860000
26.990000
27.080000
27.170000
27.240000
27.330000
27.330000
27.430000
27.510000
27.560000
27.620000
27.720000
27.800000
27.910000
27.970000
28.060000
28.140000
28.230000
28.290000
28.360000
28.400000
28.730000
28.780000
28.860000
28.920000
28.970000
29.040000
29.100000
29.170000
29.220000
29.320000
29.380000
29.440000
29.500000
29.540000
29.590000
29.640000
29.700000
29.750000
29.800000
29.890000
29.950000
30.230000
30.280000
30.340000
30.400000
30.460000
30.520000
30.560000
30.610000
30.640000
30.720000
30.770000
30.800000
30.820000
30.830000
30.900000
30.960000
31.000000
31.020000
31.070000
31.120000
31.170000
31.310000
31.350000
31.380000
31.420000
31.470000
31.520000
31.550000
31.580000
31.610000
31.650000
31.680000
31.730000
31.770000
31.810000
31.860000
31.900000
31.950000
32.000000
32.040000
32.090000
32.120000
32.240000
32.260000
32.280000
32.300000
32.340000
32.350000
32.370000
32.390000
32.390000
32.400000
32.440000
32.460000
32.520000
32.580000
32.600000
32.620000
32.670000
32.700000
32.710000
32.740000
32.800000
32.890000
32.890000
32.910000
32.960000
33.000000
33.040000
33.070000
33.100000
33.120000
33.130000
33.170000
33.170000
33.200000
33.240000
33.270000
33.290000
33.310000
33.330000
33.360000
33.380000
33.420000
33.440000
33.450000
33.460000
33.490000
33.500000
33.530000
33.560000
33.600000
33.620000
33.640000
33.660000
33.690000
33.710000
33.720000
33.710000
33.720000
33.750000
33.760000
33.800000
33.830000
33.860000
33.910000
33.900000
33.900000
33.910000
33.930000
33.940000
33.940000
33.980000
34.000000
34.030000
34.040000
34.050000
34.090000
34.100000
34.150000
34.170000
34.180000
34.170000
34.180000
34.170000
34.150000
34.160000
34.160000
34.180000
34.180000
34.210000
34.220000
34.230000
34.240000
34.240000
34.240000
34.240000
34.250000
34.270000
34.290000
34.310000
34.310000
34.310000
34.330000
34.360000
34.370000
34.380000
34.400000
34.390000
34.360000
34.340000
34.300000
34.240000
34.230000
34.270000
34.280000
34.270000
34.290000
34.310000
32.100000
25.590000
25.690000
25.770000
25.880000
25.970000
26.060000
26.300000
26.830000
26.930000
27.030000
27.130000
27.260000
27.360000
27.470000
27.590000
27.700000
27.820000
27.940000
28.050000
28.180000
28.290000
28.390000
28.510000
28.610000
28.690000
28.770000
28.880000
28.980000
29.410000
29.480000
29.560000
29.640000
29.740000
29.830000
29.920000
30.010000
30.090000
30.160000
30.260000
30.340000
30.400000
30.510000
30.600000
30.710000
30.790000
30.880000
30.980000
31.060000
31.170000
31.610000
31.710000
31.810000
31.900000
31.950000
32.050000
32.140000
32.240000
32.290000
32.360000
32.430000
32.480000
32.530000
32.600000
32.670000
32.730000
32.810000
32.890000
32.970000
33.030000
33.390000
33.460000
33.530000
33.610000
33.670000
33.740000
33.810000
33.870000
33.940000
34.000000
34.050000
34.110000
34.180000
34.230000
34.280000
34.330000
34.410000
34.460000
34.510000
34.600000
34.660000
34.890000
34.930000
34.980000
35.030000
35.060000
35.110000
35.170000
35.210000
35.240000
35.280000
35.310000
35.370000
35.410000
35.450000
35.510000
35.560000
35.590000
35.650000
35.710000
35.750000
35.810000
35.960000
35.980000
36.030000
36.050000
36.110000
36.140000
36.180000
36.200000
36.200000
36.240000
36.260000
36.300000
36.310000
36.330000
36.350000
36.380000
36.420000
36.450000
36.480000
36.510000
36.560000
36.730000
36.730000
36.750000
36.760000
36.790000
36.810000
36.820000
36.850000
36.890000
36.920000
36.960000
37.000000
37.020000
37.040000
37.050000
37.050000
37.040000
37.050000
37.060000
37.060000
37.070000
37.210000
37.260000
37.300000
37.340000
37.350000
37.370000
37.380000
37.400000
37.440000
37.460000
37.510000
37.520000
37.540000
37.570000
37.580000
37.600000
37.620000
37.640000
37.660000
37.680000
37.750000
37.770000
37.760000
37.760000
37.780000
37.820000
37.850000
37.860000
37.890000
-327.670000
37.950000
37.990000
38.020000
38.050000
38.070000
38.090000
38.110000
38.120000
38.140000
38.130000
38.140000
38.180000
38.200000
38.240000
38.260000
38.280000
38.280000
38.290000
38.290000
38.330000
38.350000
38.370000
38.390000
38.400000
38.370000
38.380000
38.400000
38.420000
38.430000
38.470000
38.480000
38.520000
38.530000
38.510000
38.510000
38.520000
38.530000
38.550000
38.550000
38.580000
38.580000
38.570000
38.560000
38.590000
38.620000
38.630000
38.660000
38.640000
38.600000
38.580000
38.580000
38.580000
38.580000
38.600000
38.600000
38.610000
38.630000
38.640000
38.660000
38.660000
38.660000
38.660000
38.660000
38.680000
38.700000
38.710000
38.690000
38.680000
38.700000
38.690000
38.710000
38.720000
38.740000
38.740000
38.720000
38.720000
38.720000
38.720000
38.750000
38.750000
38.750000
38.740000
38.750000
38.760000
38.740000
38.750000
38.740000
38.740000
38.740000
38.720000
38.740000
38.720000
38.700000
38.690000
38.700000
38.780000
38.780000
38.770000
38.760000
38.760000
38.740000
38.760000
38.770000
38.780000
38.780000
38.750000
38.740000
38.700000
38.680000
38.710000
38.700000
38.720000
38.740000
38.750000
38.760000
38.760000
38.730000
38.760000
38.800000
38.800000
38.800000
38.790000
38.790000
38.770000
38.760000
38.750000
38.710000
38.730000
38.740000
38.740000
38.740000
38.720000
38.720000
38.700000
38.700000
38.710000
38.700000
38.670000
38.660000
38.670000
38.680000
38.690000
38.710000
38.710000
38.680000
38.650000
38.630000
38.630000
38.610000
38.600000
38.610000
38.610000
38.640000
38.640000
38.600000
38.600000
38.590000
38.590000
38.510000
38.510000
38.520000
38.520000
38.510000
38.470000
38.440000
38.420000
38.420000
38.410000
38.420000
38.480000
38.500000
38.530000
38.570000
38.600000
38.640000
38.690000
38.730000
38.740000
38.760000
38.510000
38.300000
38.240000
38.210000
38.180000
38.160000
38.160000
38.190000
38.170000
38.170000
38.200000
38.180000
38.190000
38.170000
38.170000
38.170000
38.150000
38.130000
38.060000
38.000000
38.020000
37.950000
37.930000
37.920000
37.900000
37.880000
37.870000
37.830000
37.790000
37.780000
37.760000
37.710000
37.670000
37.670000
37.620000
37.600000
37.600000
37.550000
37.500000
37.440000
37.420000
37.410000
37.250000
37.210000
37.200000
37.170000
37.170000
37.120000
37.070000
37.060000
37.020000
37.010000
36.990000
36.930000
36.920000
36.880000
36.850000
36.790000
36.710000
36.700000
36.680000
36.650000
36.580000
36.350000
36.320000
36.310000
36.260000
36.210000
36.190000
36.150000
36.120000
36.080000
36.040000
36.000000
35.950000
35.900000
35.850000
35.800000
35.760000
35.740000
35.740000
35.690000
35.650000
35.640000
35.440000
35.380000
35.320000
35.270000
35.200000
35.130000
35.060000
35.040000
34.980000
34.930000
34.900000
34.850000
34.810000
34.710000
34.640000
34.590000
34.530000
34.460000
34.400000
34.340000
33.940000
33.870000
33.730000
33.590000
33.450000
33.320000
33.210000
33.040000
32.840000
32.670000
32.530000
32.470000
32.400000
32.340000
32.290000
26.740000
23.490000
23.590000
23.700000
23.810000
-327.670000
24.560000
24.680000
24.800000
24.920000
25.080000
25.190000
25.320000
25.460000
25.540000
25.640000
25.740000
25.830000
25.930000
26.000000
26.060000
26.110000
26.160000
26.220000
26.250000
26.280000
26.300000
26.310000
26.310000
26.310000
26.310000
26.310000
26.310000
26.310000
26.310000
26.310000
26.310000
26.310000
26.310000
26.310000
26.310000
26.310000
26.310000
26.320000
26.310000
26.310000
26.310000
26.310000
26.320000
26.310000
26.310000
26.320000
26.320000
26.310000
26.310000
26.310000
26.310000
26.320000
26.310000
26.320000
26.320000
26.320000
26.310000
26.320000
26.310000
26.320000
26.320000
26.320000
26.310000
26.320000
26.320000
26.320000
26.310000
26.310000
26.320000
26.310000
26.320000
26.320000
26.320000
26.320000
26.320000
26.320000
26.310000
26.320000
26.310000
26.320000
26.320000
26.320000
26.310000
26.320000
26.320000
26.320000
26.320000
26.320000
26.310000
26.320000
26.320000
26.310000
26.320000
26.320000
26.320000
26.310000
26.320000
26.320000
26.320000
26.320000
26.320000
26.320000
26.320000
26.320000
26.320000
26.320000
26.320000
26.320000
26.320000
26.320000
26.310000
26.320000
26.320000
26.320000
26.320000
26.320000
26.320000
26.320000
26.320000
26.320000
26.310000
26.310000
26.320000
26.320000
26.320000
26.310000
26.310000
26.320000
26.320000
26.320000
26.320000
26.320000
26.320000
26.320000
26.320000
26.320000
26.320000
26.310000
26.310000
26.320000
26.310000
26.310000
26.310000
26.320000
26.320000
26.320000
26.310000
26.320000
26.310000
26.310000
26.320000
26.310000
26.310000
26.320000
26.310000
26.320000
26.320000
26.310000
26.320000
26.320000
26.320000
26.310000
26.320000
26.320000
26.310000
26.320000
26.320000
26.320000
26.320000
26.320000
26.320000
26.310000
26.320000
26.310000
26.310000
26.320000
26.320000
26.320000
26.320000
26.320000
26.310000
26.320000
26.320000
26.320000
26.320000
26.320000
26.320000
26.320000
26.320000
26.320000
26.320000
26.320000
26.320000
26.310000
26.320000
26.320000
26.320000
26.310000
26.310000
26.310000
26.320000
26.320000
26.320000
26.320000
26.320000
26.320000
26.320000
26.320000
26.320000
26.320000
26.320000
26.320000
26.320000
26.310000
26.320000
26.310000
26.320000
26.320000
26.310000
26.320000
26.320000
26.310000
26.320000
26.320000
26.320000
26.320000
26.320000
26.320000
26.320000
26.320000
26.320000
26.320000
26.320000
26.320000
26.320000
26.320000
26.310000
26.320000
26.320000
26.320000
26.320000
26.320000
26.320000
26.320000
26.320000
26.320000
26.320000
26.320000
26.320000
26.320000
26.310000
26.320000
26.310000
26.310000
26.310000
26.320000
26.320000
26.320000
26.320000
26.320000
26.320000
26.320000
26.320000
26.320000
26.320000
26.320000
26.320000
26.310000
26.320000
26.320000
26.320000
26.320000
26.320000
26.320000
26.320000
26.320000
26.320000
26.320000
26.310000
26.310000
26.320000
26.320000
26.320000
26.320000
26.320000
26.320000
26.320000
26.320000
26.320000
26.320000
26.320000
26.320000
26.320000
26.310000
26.320000
26.320000
26.310000
26.320000
26.310000
26.310000
26.310000
26.320000
26.320000
26.310000
26.320000
26.320000
26.310000
26.320000
26.310000
26.310000
26.320000
26.320000
26.310000
26.310000
26.320000
26.320000
26.320000
26.310000
26.310000
26.310000
26.320000
26.320000
26.320000
26.320000
26.320000
26.320000
26.320000
26.320000
26.320000
26.320000
26.320000
26.320000
26.320000
26.320000
26.320000
26.320000
26.320000
26.320000
26.320000
26.320000
26.320000
26.320000
26.320000
26.310000
26.320000
26.310000
26.320000
26.320000
26.320000
26.320000
26.320000
26.320000
26.320000
26.320000
26.320000
26.310000
26.320000
26.320000
26.320000
26.320000
26.320000
26.320000
26.320000
26.320000
26.320000
26.320000
26.320000
26.320000
26.320000
26.320000
26.320000
26.320000
26.320000
26.320000
26.320000
26.320000
26.320000
26.320000
26.320000
26.320000
26.320000
26.310000
26.320000
26.310000
26.320000
26.320000
26.320000
26.320000
26.320000
26.320000
26.320000
26.320000
26.320000
26.310000
26.320000
26.320000
26.320000
26.320000
26.320000
26.320000
26.320000
26.320000
26.320000
26.320000
26.320000
26.320000
26.310000
26.310000
26.320000
26.320000
26.320000
26.320000
26.320000
26.320000
26.320000
26.320000
26.320000
26.320000
26.320000
26.320000
26.320000
26.320000
26.320000
26.320000
26.320000
26.320000
26.320000
26.320000
26.320000
26.320000
26.320000
26.320000
26.320000
26.320000
26.320000
26.320000
26.320000
26.320000
26.320000
26.310000
26.320000
26.320000
26.320000
26.320000
26.320000
26.320000
26.320000
26.320000
26.320000
26.320000
26.320000
26.320000
26.320000
26.320000
26.320000
26.320000
26.320000
26.320000
26.320000
26.320000
26.310000
26.320000
26.320000
26.320000
26.320000
26.320000
26.320000
26.320000
26.320000
26.310000
26.310000
26.310000
26.320000
26.320000
26.320000
26.320000
26.320000
26.320000
26.320000
26.320000
26.320000
26.320000
26.320000
26.320000
26.320000
26.310000
26.320000
26.320000
26.320000
26.320000
26.320000
26.310000
26.310000
26.320000
26.320000
26.320000
26.320000
26.320000
26.320000
26.320000
26.320000
26.320000
26.320000
26.320000
26.320000
26.310000
26.320000
26.320000
26.320000
26.320000
26.310000
26.310000
26.320000
26.320000
26.320000
26.320000
26.310000
26.320000
26.310000
26.320000
26.320000
26.320000
26.310000
26.320000
26.320000
26.320000
26.320000
26.320000
26.320000
26.320000
26.320000
26.320000
26.320000
26.320000
26.320000
26.320000
26.310000
26.310000
26.320000
26.310000
26.310000
26.320000
26.320000
26.320000
26.320000
26.320000
26.320000
26.320000
26.320000
26.320000
26.320000
26.320000
26.320000
26.320000
26.320000
26.320000
26.320000
26.320000
26.320000
26.320000
26.320000
26.320000
26.320000
26.320000
26.320000
26.320000
26.320000
26.320000
26.320000
26.320000
26.320000
26.320000
26.320000
26.320000
26.320000
26.320000
26.320000
26.320000
26.320000
26.320000
26.320000
26.320000
26.320000
26.320000
26.320000
26.320000
26.320000
26.320000
26.320000
26.320000
26.320000
26.320000
26.320000
26.320000
26.320000
26.320000
26.320000
26.320000
26.320000
26.320000
26.320000
26.320000
26.320000
26.320000
26.320000
26.320000
26.320000
26.320000
26.320000
26.320000
26.320000
26.320000
26.320000
26.320000
26.320000
26.320000
26.320000
26.320000
26.320000
26.320000
26.320000
26.320000
26.320000
26.320000
26.320000
26.320000
26.320000
26.320000
26.320000
26.320000
26.320000
26.320000
26.320000
26.320000
26.320000
26.320000
26.320000
26.320000
26.320000
26.320000
26.320000
26.320000
26.320000
26.320000
26.320000
26.320000
26.320000
26.320000
26.320000
26.320000
26.320000
26.320000
26.320000
26.320000
26.320000
26.320000
26.320000
26.320000
26.320000
26.320000
26.320000
26.320000
26.320000
26.320000
26.320000
26.320000
26.320000
26.320000
26.310000
26.320000
26.320000
26.310000
26.320000
26.320000
26.320000
26.320000
26.320000
26.320000
26.320000
26.320000
26.320000
26.320000
26.320000
26.320000
26.320000
26.320000
26.320000
26.320000
26.320000
26.320000
26.320000
26.320000
26.320000
26.320000
26.320000
26.320000
26.320000
26.320000
26.320000
26.320000
26.320000
26.320000
26.320000
26.320000
26.320000
26.310000
26.320000
26.310000
26.320000
26.320000
26.310000
