-327.670000
-327.670000
-327.670000
-327.670000
-327.670000
-327.670000
-327.670000
-327.670000
-327.670000
-327.670000
-327.670000
-327.670000
-327.670000
-327.670000
-327.670000
-327.670000
-327.670000
-327.670000
-327.670000
-327.670000
-327.670000
-327.670000
-327.670000
-327.670000
-327.670000
-327.670000
-327.670000
-327.670000
-327.670000
-327.670000
-327.670000
-327.670000
-327.670000
-327.670000
-11.120000
-10.980000
-10.780000
-10.610000
-10.390000
-10.190000
-10.020000
-9.860000
-9.720000
-9.540000
-9.400000
-9.270000
-9.120000
-8.970000
-8.820000
-8.690000
-8.530000
-8.360000
-8.210000
-8.050000
-7.870000
-7.700000
-7.540000
-7.390000
-7.230000
-7.040000
-6.870000
-6.730000
-6.580000
-6.400000
-6.190000
-5.970000
-5.760000
-5.600000
-5.430000
-5.260000
-5.050000
-4.880000
-4.700000
-4.520000
-4.280000
-4.060000
-3.900000
-3.730000
-3.580000
-3.340000
-3.130000
-2.980000
-2.820000
-2.640000
-2.490000
-2.300000
-2.170000
-2.030000
-1.790000
-1.600000
-1.460000
-1.360000
-1.190000
-1.030000
-0.860000
-0.690000
-0.530000
-0.410000
-0.220000
-0.040000
0.130000
0.290000
0.500000
0.700000
0.930000
1.120000
1.290000
1.450000
1.620000
1.810000
2.000000
2.170000
2.380000
2.540000
2.710000
2.890000
3.050000
3.190000
3.350000
3.500000
3.650000
3.790000
3.930000
4.060000
4.220000
4.390000
4.590000
4.760000
4.980000
5.140000
5.320000
5.470000
5.640000
5.850000
6.020000
6.190000
6.410000
6.570000
6.710000
6.870000
7.010000
7.140000
7.300000
7.450000
7.600000
7.780000
8.000000
8.210000
8.430000
8.630000
8.820000
9.020000
9.200000
9.370000
9.530000
9.700000
9.900000
10.060000
10.240000
10.450000
10.690000
11.020000
11.210000
11.340000
11.530000
11.690000
11.800000
11.920000
12.050000
12.150000
12.260000
12.390000
12.520000
12.660000
12.800000
12.980000
13.170000
13.310000
13.480000
13.640000
13.810000
14.010000
14.200000
14.400000
14.550000
14.750000
14.950000
15.090000
15.270000
15.450000
15.620000
15.800000
15.950000
16.140000
16.330000
16.520000
16.680000
16.870000
17.010000
17.190000
17.350000
17.550000
17.750000
17.960000
18.160000
18.310000
18.530000
18.680000
18.840000
19.010000
19.180000
19.340000
19.510000
19.680000
19.840000
20.040000
20.190000
20.370000
20.540000
20.660000
20.780000
20.950000
21.110000
21.230000
21.370000
21.510000
21.620000
21.760000
21.910000
22.030000
22.180000
22.340000
22.490000
22.640000
22.780000
22.920000
23.080000
23.210000
23.330000
23.490000
23.620000
23.770000
23.900000
24.030000
24.170000
24.310000
24.450000
24.610000
24.760000
24.920000
25.050000
25.200000
25.350000
25.500000
25.620000
25.750000
25.890000
26.010000
26.130000
26.290000
26.410000
26.520000
26.660000
26.790000
26.900000
27.030000
27.140000
27.240000
27.350000
27.490000
27.590000
27.680000
27.800000
27.930000
28.040000
28.170000
28.290000
28.410000
28.540000
28.650000
28.760000
28.870000
28.980000
29.090000
29.190000
29.300000
29.410000
29.470000
29.550000
29.650000
29.740000
29.820000
29.930000
30.030000
30.130000
30.200000
30.310000
30.380000
30.460000
30.530000
30.600000
30.700000
30.800000
30.880000
30.960000
31.040000
31.130000
31.230000
31.330000
31.440000
31.550000
31.660000
31.770000
31.860000
31.960000
32.060000
32.130000
32.230000
32.310000
32.380000
32.450000
32.530000
32.610000
32.680000
32.750000
32.830000
32.930000
33.010000
33.110000
33.200000
33.280000
33.370000
33.440000
33.500000
33.560000
33.650000
33.730000
33.790000
33.850000
33.920000
33.990000
34.060000
34.130000
34.210000
34.270000
34.320000
34.400000
34.470000
34.530000
34.590000
34.640000
34.690000
34.750000
34.830000
34.890000
34.950000
35.010000
35.060000
35.130000
35.160000
35.200000
35.250000
35.280000
35.330000
35.400000
35.460000
35.520000
35.570000
35.600000
35.640000
35.680000
35.700000
35.730000
35.780000
35.790000
35.810000
35.830000
35.870000
35.910000
35.970000
36.020000
36.050000
36.090000
36.110000
36.150000
36.180000
36.220000
36.250000
36.270000
36.310000
36.330000
36.360000
36.390000
36.420000
36.470000
36.520000
36.540000
36.570000
36.620000
36.670000
36.690000
36.710000
36.730000
36.770000
36.790000
36.810000
36.830000
36.870000
36.900000
36.950000
36.990000
37.010000
37.030000
37.060000
37.080000
37.110000
37.140000
37.160000
37.180000
37.200000
37.230000
37.240000
37.270000
37.290000
37.330000
37.350000
37.380000
37.390000
37.390000
37.410000
37.440000
37.440000
37.460000
37.490000
37.530000
37.570000
37.590000
37.610000
37.660000
37.690000
37.710000
37.720000
37.720000
37.730000
37.730000
37.740000
37.760000
37.770000
37.820000
37.850000
37.880000
37.890000
37.910000
37.910000
37.900000
37.900000
37.900000
37.910000
37.940000
37.970000
38.010000
38.040000
38.070000
38.090000
38.100000
38.130000
38.150000
38.180000
38.200000
38.210000
38.230000
38.240000
38.250000
38.280000
38.310000
38.330000
38.350000
38.360000
38.380000
38.410000
38.420000
38.430000
38.450000
38.440000
38.400000
38.410000
38.420000
38.450000
38.480000
38.490000
38.510000
38.530000
38.540000
38.550000
38.590000
38.610000
38.600000
38.620000
38.630000
38.650000
38.670000
38.710000
38.720000
38.740000
38.750000
38.750000
38.750000
38.730000
38.740000
38.740000
38.740000
38.720000
38.700000
38.700000
38.730000
38.740000
38.740000
38.760000
38.750000
38.750000
38.740000
38.740000
38.740000
38.720000
38.720000
38.710000
38.700000
38.710000
38.710000
38.700000
38.690000
38.700000
38.720000
38.730000
38.750000
38.770000
38.780000
38.780000
38.770000
38.760000
38.730000
38.710000
38.720000
38.720000
38.730000
38.720000
38.720000
38.700000
38.680000
38.670000
38.610000
38.590000
38.590000
38.570000
38.590000
38.600000
38.620000
38.640000
38.670000
38.670000
38.680000
38.680000
38.670000
38.670000
38.660000
38.670000
38.680000
38.680000
38.660000
38.640000
38.650000
38.660000
38.650000
38.670000
38.670000
38.660000
38.630000
38.610000
38.580000
38.590000
38.630000
38.640000
38.640000
38.590000
38.600000
38.590000
38.570000
38.590000
38.550000
38.520000
38.500000
38.490000
38.490000
38.510000
38.520000
38.530000
38.520000
38.520000
38.520000
38.500000
38.480000
38.480000
38.460000
38.440000
38.430000
38.410000
38.400000
38.360000
38.330000
38.330000
38.320000
38.290000
38.300000
38.270000
38.260000
38.250000
38.240000
38.240000
38.240000
38.260000
38.260000
38.270000
38.290000
38.270000
38.250000
38.250000
38.260000
38.260000
38.250000
38.230000
38.230000
38.220000
38.230000
38.260000
38.260000
38.250000
38.220000
38.200000
38.180000
38.170000
38.150000
38.110000
38.080000
38.070000
38.060000
38.060000
38.060000
38.080000
38.080000
38.090000
38.090000
38.060000
38.030000
38.000000
38.000000
37.980000
37.960000
37.960000
37.950000
37.950000
37.930000
37.900000
37.880000
37.870000
37.870000
37.850000
37.850000
37.820000
37.790000
37.770000
37.750000
37.730000
37.690000
37.680000
37.660000
37.630000
37.610000
37.600000
37.570000
37.540000
37.500000
37.490000
37.480000
37.480000
37.490000
37.480000
37.460000
37.460000
37.450000
37.400000
37.370000
37.350000
37.350000
37.300000
37.270000
37.230000
37.230000
37.230000
37.240000
37.230000
37.190000
37.190000
37.160000
37.120000
37.110000
37.060000
36.990000
36.950000
36.950000
36.920000
36.890000
36.860000
36.790000
36.770000
36.780000
36.760000
36.730000
36.690000
36.640000
36.630000
36.580000
36.540000
36.500000
36.450000
36.410000
36.370000
36.350000
36.320000
36.280000
36.230000
36.150000
36.110000
36.060000
36.030000
35.990000
35.940000
35.880000
35.840000
35.800000
35.780000
35.730000
35.670000
35.630000
35.590000
35.570000
35.560000
35.500000
35.450000
35.400000
35.340000
35.320000
35.310000
35.300000
35.270000
35.210000
35.130000
35.100000
35.030000
34.970000
34.880000
34.860000
34.840000
34.780000
34.730000
34.640000
34.600000
34.560000
34.480000
34.430000
34.370000
34.350000
34.310000
34.280000
34.210000
34.130000
34.040000
33.950000
33.860000
33.790000
33.710000
33.670000
33.620000
33.490000
33.270000
33.010000
32.790000
32.620000
32.350000
32.220000
32.180000
32.130000
32.090000
32.060000
31.950000
31.860000
31.720000
31.580000
31.560000
31.300000
20.490000
-54.190000
-54.120000
-53.950000
-53.700000
-53.550000
-53.410000
-53.320000
-53.210000
-53.110000
-52.980000
-52.800000
-52.480000
-52.160000
-51.910000
-51.860000
-51.310000
-51.140000
-51.010000
-50.890000
-50.720000
-50.600000
-50.770000
-50.880000
-50.920000
-50.800000
-50.650000
-50.530000
-50.360000
-50.130000
-49.970000
-49.770000
-49.630000
-49.450000
-49.280000
-49.170000
-49.010000
-48.860000
-48.690000
-48.540000
-48.410000
-48.180000
-48.010000
-47.860000
-47.690000
-47.460000
-47.260000
-47.080000
-46.970000
-46.780000
-46.710000
-46.570000
-46.460000
-46.330000
-46.270000
-46.130000
-45.940000
-45.780000
-45.640000
-45.540000
-45.420000
-45.320000
-45.220000
-45.090000
-44.980000
-44.890000
-44.750000
-44.600000
-44.440000
-44.320000
-44.190000
-44.050000
-43.900000
-43.760000
-43.640000
-43.450000
-43.250000
-43.130000
-42.950000
-42.810000
-42.700000
-42.620000
-42.470000
-42.340000
-42.180000
-42.040000
-41.870000
-41.740000
-41.560000
-41.420000
-41.290000
-41.140000
-41.000000
-40.810000
-40.600000
-40.450000
-40.340000
-40.180000
-40.070000
-39.960000
-39.840000
-39.720000
-39.610000
-39.430000
-39.320000
-39.180000
-39.000000
-38.850000
-38.670000
-38.520000
-38.380000
-38.250000
-38.110000
-37.940000
-37.820000
-37.660000
-37.540000
-37.430000
-37.330000
-37.240000
-37.140000
-37.060000
-37.000000
-36.970000
-36.920000
-36.850000
-36.780000
-36.730000
-36.630000
-36.560000
-36.510000
-36.450000
-36.360000
-36.290000
-36.240000
-36.180000
-36.150000
-36.080000
-36.050000
-35.990000
-35.950000
-35.870000
-35.790000
-35.710000
-35.650000
-35.560000
-35.490000
-35.400000
-35.340000
-35.250000
-35.190000
-35.120000
-35.050000
-34.970000
-34.910000
-34.870000
-34.790000
-34.730000
-34.650000
-34.570000
-34.490000
-34.420000
-34.360000
-34.270000
-34.200000
-34.110000
-34.030000
-33.980000
-33.850000
-33.840000
-33.740000
-33.660000
-33.560000
-33.500000
-33.410000
-33.310000
-33.180000
-33.040000
-33.000000
-32.810000
-33.010000
-32.920000
-32.620000
-32.500000
-32.430000
-32.360000
-32.430000
-32.460000
-32.480000
-32.370000
-32.230000
-32.190000
-32.520000
-32.270000
-32.080000
-31.780000
-31.680000
-31.420000
-31.190000
-31.100000
-30.960000
-30.840000
-30.760000
-30.630000
-30.560000
-30.560000
-30.450000
-30.350000
-30.310000
-30.230000
-30.170000
-30.080000
-29.990000
-29.910000
-29.740000
-29.620000
-29.510000
-29.390000
-29.270000
-29.180000
-29.080000
-28.990000
-28.870000
-28.710000
-28.610000
-28.510000
-28.380000
-28.260000
-28.170000
-28.110000
-28.100000
-27.980000
-27.820000
-27.700000
-27.580000
-27.440000
-27.280000
-27.140000
-27.020000
-26.900000
-26.710000
-26.580000
-26.440000
-26.320000
-26.180000
-26.000000
-25.880000
-25.760000
-25.630000
-25.510000
-25.370000
-25.250000
-25.170000
-24.990000
-24.870000
-24.780000
-24.660000
-24.530000
-24.400000
-24.300000
-24.180000
-24.030000
-23.930000
-23.800000
-23.680000
-23.490000
-23.280000
-23.100000
-22.970000
-22.850000
-22.720000
-22.580000
-22.440000
-22.340000
-22.210000
-22.080000
-21.960000
-21.810000
-21.650000
-21.510000
-21.360000
-21.190000
-21.010000
-20.840000
-20.670000
-20.500000
-20.320000
-20.180000
-20.050000
-19.950000
-19.840000
-19.730000
-19.590000
-19.450000
-19.300000
-19.170000
-19.050000
-18.930000
-18.790000
-18.650000
-18.470000
-18.310000
-18.170000
-18.040000
-17.870000
-17.710000
-17.560000
-17.410000
-17.250000
-17.120000
-16.940000
-16.820000
-16.700000
-16.560000
-16.430000
-16.280000
-16.130000
-15.980000
-15.850000
-15.710000
-15.560000
-15.420000
-15.270000
-15.110000
-14.940000
-14.830000
-14.730000
-14.600000
-14.480000
-14.320000
-14.200000
-14.020000
-13.900000
-13.770000
-13.650000
-13.520000
-13.370000
-13.180000
-13.050000
-12.920000
-12.780000
-12.600000
-12.450000
-12.330000
-12.190000
-12.070000
-11.930000
-11.790000
-11.640000
-11.460000
-11.300000
-11.150000
-11.010000
-10.860000
-10.720000
-10.570000
-10.460000
-10.290000
-10.130000
-9.990000
-9.870000
-9.640000
-9.510000
-9.350000
-9.200000
-9.050000
-8.860000
-8.680000
-8.500000
-8.360000
-8.220000
-8.090000
-7.920000
-7.810000
-7.670000
-7.560000
-7.410000
-7.270000
-7.160000
-7.040000
-6.900000
-6.780000
-6.640000
-6.490000
-6.360000
-6.210000
-6.090000
-5.960000
-5.800000
-5.650000
-5.510000
-5.360000
-5.200000
-5.040000
-4.890000
-4.770000
-4.620000
-4.470000
-4.340000
-4.220000
-4.050000
-3.890000
-3.760000
-3.620000
-3.470000
-3.310000
-3.170000
-3.020000
-2.910000
-2.790000
-2.650000
-2.490000
-2.350000
-2.210000
-2.080000
-1.950000
-1.810000
-1.650000
-1.550000
-1.410000
-1.270000
-1.140000
-1.000000
-0.860000
-0.720000
-0.550000
-0.420000
-0.280000
-0.160000
-0.030000
0.110000
0.260000
0.400000
0.540000
0.680000
0.840000
0.980000
1.120000
1.260000
1.380000
1.540000
1.690000
1.850000
1.980000
2.120000
2.240000
2.350000
2.450000
2.590000
2.710000
2.840000
2.990000
3.110000
3.260000
3.390000
3.510000
3.650000
3.800000
3.950000
4.110000
4.240000
4.370000
4.490000
4.620000
4.750000
4.870000
4.990000
5.140000
5.280000
5.430000
5.540000
5.680000
5.810000
5.960000
6.150000
6.310000
6.440000
6.590000
6.740000
6.850000
6.980000
7.120000
7.260000
7.390000
7.520000
7.680000
7.810000
7.940000
8.070000
8.210000
8.340000
8.510000
8.660000
8.800000
8.930000
9.090000
9.230000
9.360000
9.520000
9.670000
9.800000
9.960000
10.120000
10.280000
10.410000
10.560000
10.690000
10.850000
11.000000
11.140000
11.290000
11.450000
11.590000
11.720000
11.850000
11.970000
12.100000
12.210000
12.320000
12.420000
12.540000
12.660000
12.770000
12.950000
13.060000
13.200000
13.350000
13.490000
13.640000
13.780000
13.920000
14.050000
14.170000
14.310000
14.450000
14.570000
14.700000
14.820000
14.970000
15.080000
15.210000
15.370000
15.520000
15.640000
15.800000
15.950000
16.110000
16.270000
16.410000
16.550000
16.680000
16.790000
16.900000
17.020000
17.140000
17.270000
17.410000
17.540000
17.670000
17.770000
17.900000
18.060000
18.190000
18.320000
18.470000
18.590000
18.720000
18.850000
18.980000
19.110000
19.230000
19.360000
19.500000
19.680000
19.790000
19.900000
20.040000
20.150000
20.270000
20.380000
20.500000
20.650000
20.770000
20.890000
21.030000
21.130000
21.260000
21.360000
21.480000
21.590000
21.710000
21.840000
21.950000
22.070000
22.200000
22.340000
22.460000
22.590000
22.720000
22.840000
22.960000
23.040000
23.140000
23.250000
23.330000
23.440000
23.510000
23.610000
23.680000
23.760000
23.890000
23.970000
24.060000
24.150000
24.230000
24.310000
24.420000
24.510000
24.590000
24.680000
24.760000
24.860000
24.950000
25.040000
25.130000
25.230000
25.310000
25.400000
25.490000
25.560000
25.610000
25.670000
25.740000
25.820000
25.890000
25.980000
26.060000
26.150000
26.230000
26.310000
26.390000
26.460000
26.530000
26.620000
26.680000
26.750000
26.820000
26.890000
26.970000
27.030000
27.120000
27.180000
27.240000
27.290000
27.330000
27.410000
27.460000
27.510000
27.560000
27.600000
27.630000
27.680000
27.690000
27.730000
27.770000
27.840000
27.900000
27.980000
28.050000
28.110000
28.170000
28.230000
28.300000
28.360000
28.410000
28.480000
28.510000
28.530000
28.550000
28.610000
28.650000
28.700000
28.740000
28.780000
28.830000
28.880000
28.920000
28.950000
28.990000
29.010000
29.080000
29.120000
29.140000
29.190000
29.250000
29.290000
29.300000
29.360000
29.410000
29.460000
29.510000
29.560000
29.580000
29.620000
29.660000
29.670000
29.670000
29.650000
29.610000
29.570000
29.500000
29.440000
29.340000
29.250000
29.160000
29.090000
29.020000
28.940000
28.890000
28.810000
28.680000
28.550000
28.430000
28.350000
28.220000
28.070000
27.970000
27.970000
27.870000
27.810000
27.760000
27.640000
27.570000
14.990000
15.120000
15.250000
15.390000
15.510000
15.650000
15.790000
15.950000
16.110000
16.290000
16.510000
16.680000
16.900000
17.180000
17.510000
17.850000
18.150000
18.320000
18.590000
18.750000
19.000000
19.200000
19.380000
-327.670000
-327.670000
-327.670000
-327.670000
-327.670000
-327.670000
-327.670000
-327.670000
-327.670000
21.540000
21.770000
21.920000
22.080000
22.230000
22.390000
22.540000
22.680000
22.790000
22.930000
23.020000
23.140000
23.240000
23.370000
23.470000
23.570000
23.740000
23.860000
23.990000
24.130000
24.260000
24.380000
24.530000
24.650000
24.740000
24.850000
24.980000
25.090000
25.230000
25.330000
25.450000
25.550000
25.650000
25.710000
25.820000
25.920000
26.050000
26.160000
26.270000
26.380000
26.530000
26.640000
26.760000
26.960000
27.100000
27.210000
27.290000
27.390000
27.510000
27.590000
27.680000
27.740000
27.820000
27.910000
28.010000
28.120000
28.200000
28.320000
28.400000
28.500000
28.610000
28.720000
28.810000
28.920000
29.090000
29.190000
29.320000
29.370000
29.470000
29.560000
29.600000
29.690000
29.800000
29.890000
29.970000
30.040000
30.140000
30.240000
30.320000
30.410000
30.500000
30.610000
30.690000
30.780000
30.840000
30.930000
31.000000
31.070000
31.160000
31.200000
31.280000
31.350000
31.420000
31.500000
31.560000
31.650000
31.720000
31.800000
31.850000
31.930000
32.010000
32.060000
32.110000
32.180000
32.250000
32.300000
32.370000
32.440000
32.510000
32.570000
32.620000
32.670000
32.730000
32.770000
32.840000
32.900000
32.950000
33.010000
33.070000
33.130000
33.200000
33.280000
33.340000
33.390000
33.470000
33.540000
33.590000
33.630000
33.690000
33.730000
33.780000
33.820000
33.870000
33.930000
33.970000
34.010000
34.040000
34.090000
34.140000
34.180000
34.220000
34.250000
34.290000
34.350000
34.390000
34.440000
34.510000
34.550000
34.600000
34.620000
34.640000
34.650000
34.670000
34.700000
34.720000
34.780000
34.820000
34.880000
34.930000
34.980000
35.010000
35.040000
35.090000
35.130000
35.180000
35.200000
35.240000
35.270000
35.290000
35.310000
35.340000
35.360000
35.390000
35.430000
35.460000
35.480000
35.530000
35.560000
35.610000
35.650000
35.670000
35.700000
35.720000
35.730000
35.770000
35.780000
35.810000
35.850000
35.880000
35.930000
35.950000
36.000000
36.030000
36.040000
36.080000
36.110000
36.150000
36.170000
36.180000
36.210000
36.230000
36.240000
36.260000
36.260000
36.280000
36.300000
36.330000
36.360000
36.400000
36.430000
36.470000
36.490000
36.550000
36.600000
36.630000
36.660000
36.670000
36.700000
36.730000
36.750000
36.790000
36.810000
36.810000
36.800000
36.830000
36.850000
36.860000
36.880000
36.890000
36.920000
36.940000
36.960000
36.990000
36.990000
37.010000
37.060000
37.080000
37.100000
37.100000
37.110000
37.120000
37.120000
37.160000
37.190000
37.210000
37.240000
37.300000
37.330000
37.340000
37.360000
37.380000
37.390000
37.420000
37.440000
37.440000
37.470000
37.460000
37.460000
37.470000
37.480000
37.500000
37.520000
37.540000
37.540000
37.560000
37.580000
37.600000
37.610000
37.620000
37.630000
37.650000
37.710000
37.720000
37.750000
37.780000
37.780000
37.790000
37.800000
37.820000
37.840000
37.850000
37.880000
37.890000
37.920000
37.940000
37.950000
37.940000
37.960000
37.960000
37.960000
37.980000
37.970000
37.980000
38.000000
38.000000
38.020000
38.030000
38.060000
38.080000
38.090000
38.090000
38.100000
38.120000
38.140000
38.130000
38.170000
38.220000
38.210000
38.220000
38.220000
38.230000
38.240000
38.270000
38.300000
38.280000
38.290000
38.280000
38.280000
38.280000
38.280000
38.300000
38.310000
38.330000
38.350000
38.370000
38.350000
38.360000
38.360000
38.380000
38.340000
38.340000
38.350000
38.360000
38.370000
38.380000
38.390000
38.430000
38.440000
38.440000
38.460000
38.450000
38.450000
38.480000
38.490000
38.470000
38.480000
38.500000
38.520000
38.520000
38.540000
38.520000
38.530000
38.550000
38.540000
38.530000
38.550000
38.550000
38.540000
38.580000
38.570000
38.570000
38.570000
38.560000
38.570000
38.570000
38.590000
38.590000
38.600000
38.600000
38.610000
38.630000
38.630000
38.640000
38.650000
38.650000
38.660000
38.660000
38.670000
38.670000
38.660000
38.660000
38.670000
38.670000
38.670000
38.680000
38.680000
38.670000
38.670000
38.660000
38.670000
38.670000
38.680000
38.650000
38.650000
38.670000
38.670000
38.700000
38.690000
38.700000
38.710000
38.730000
38.720000
38.710000
38.710000
38.700000
38.710000
38.710000
38.700000
38.710000
38.710000
38.710000
38.680000
38.680000
38.700000
38.710000
38.710000
38.700000
38.690000
38.680000
38.660000
38.650000
38.600000
38.610000
38.630000
38.630000
38.640000
38.650000
38.670000
38.690000
38.700000
38.710000
38.720000
38.750000
38.740000
38.730000
38.740000
38.750000
38.750000
38.750000
38.740000
38.740000
38.720000
38.670000
38.660000
38.640000
38.650000
38.660000
38.660000
38.660000
38.640000
38.660000
38.660000
38.670000
38.660000
38.650000
38.680000
38.670000
38.670000
38.700000
38.690000
38.690000
38.680000
38.670000
38.650000
38.630000
38.630000
38.600000
38.590000
38.580000
38.570000
38.570000
38.570000
38.560000
38.510000
38.500000
38.500000
38.490000
38.490000
38.480000
38.490000
38.470000
38.440000
38.410000
38.390000
38.370000
38.350000
38.340000
38.320000
38.300000
38.250000
38.240000
38.230000
38.220000
38.200000
38.170000
38.150000
38.140000
38.130000
38.110000
38.080000
38.050000
38.070000
38.040000
38.010000
37.980000
37.950000
37.930000
37.920000
37.920000
37.900000
37.870000
37.830000
37.780000
37.730000
37.690000
37.680000
37.660000
37.630000
37.600000
37.580000
37.560000
37.520000
37.480000
37.470000
37.450000
37.410000
37.380000
37.370000
37.370000
37.360000
37.360000
37.340000
37.350000
37.310000
37.270000
37.230000
37.170000
37.120000
37.080000
37.030000
36.960000
36.900000
36.870000
36.840000
36.840000
36.810000
36.770000
36.770000
36.750000
36.690000
36.640000
36.600000
36.590000
36.580000
36.550000
36.500000
36.400000
36.340000
36.300000
36.250000
36.220000
36.180000
36.130000
36.070000
36.010000
35.920000
35.840000
35.780000
35.730000
35.700000
35.660000
35.630000
35.590000
35.510000
35.410000
35.320000
35.280000
35.180000
35.080000
35.000000
34.900000
34.790000
34.660000
34.510000
34.340000
34.190000
34.020000
33.860000
33.700000
33.630000
33.580000
33.530000
33.510000
28.710000
25.920000
25.990000
26.080000
26.140000
26.200000
26.260000
26.310000
26.360000
26.390000
26.450000
26.490000
26.510000
26.550000
26.570000
26.570000
26.580000
26.580000
26.580000
26.580000
26.580000
26.580000
26.580000
26.580000
26.580000
26.580000
26.580000
26.590000
26.590000
26.590000
26.590000
26.590000
26.590000
26.590000
26.590000
26.590000
26.590000
26.590000
26.590000
26.590000
26.600000
26.600000
26.600000
26.600000
26.600000
26.600000
26.600000
26.600000
26.600000
26.600000
26.600000
26.600000
26.600000
26.600000
26.600000
26.600000
26.600000
26.600000
26.600000
26.600000
26.600000
26.600000
26.600000
26.600000
26.600000
26.600000
26.600000
26.600000
26.600000
26.600000
26.600000
26.600000
26.600000
26.600000
26.600000
26.600000
26.600000
26.600000
26.600000
26.600000
26.600000
26.600000
26.600000
26.600000
26.600000
26.600000
26.600000
26.600000
26.600000
26.600000
26.600000
26.600000
26.600000
26.600000
26.600000
26.600000
26.600000
26.600000
26.600000
26.600000
26.600000
26.600000
26.600000
26.600000
26.600000
26.600000
26.600000
26.600000
26.600000
26.600000
26.600000
26.610000
26.600000
26.600000
26.600000
26.600000
26.600000
26.600000
26.600000
26.600000
26.600000
26.600000
26.600000
26.600000
26.600000
26.600000
26.600000
26.600000
26.600000
26.600000
26.600000
26.600000
26.600000
26.600000
26.600000
26.600000
26.600000
26.600000
26.600000
26.600000
26.600000
26.600000
26.600000
26.600000
26.600000
26.600000
26.600000
26.600000
26.600000
26.600000
26.600000
26.600000
26.600000
26.600000
26.600000
26.600000
26.600000
26.600000
26.600000
26.600000
26.600000
26.600000
26.600000
26.600000
26.600000
26.600000
26.600000
26.600000
26.600000
26.600000
26.600000
26.600000
26.600000
26.600000
26.600000
26.600000
26.600000
26.600000
26.600000
26.600000
26.600000
26.600000
26.600000
26.600000
26.600000
26.600000
26.600000
26.610000
26.600000
26.600000
26.600000
26.600000
26.600000
26.600000
26.600000
26.600000
26.600000
26.600000
26.600000
26.600000
26.600000
26.600000
26.600000
26.600000
26.600000
26.600000
26.600000
26.600000
26.600000
26.600000
26.600000
26.600000
26.600000
26.600000
26.600000
26.600000
26.600000
26.600000
26.600000
26.600000
26.600000
26.600000
26.600000
26.600000
26.600000
26.600000
26.600000
26.600000
26.600000
26.600000
26.600000
26.600000
26.600000
26.600000
26.600000
26.600000
26.600000
26.600000
26.600000
26.600000
26.600000
26.600000
26.600000
26.600000
26.600000
26.600000
26.600000
26.600000
26.600000
26.600000
26.600000
26.600000
26.610000
26.600000
26.610000
26.610000
26.610000
26.610000
26.610000
26.610000
26.610000
26.610000
26.600000
26.600000
26.610000
26.610000
26.600000
26.610000
26.610000
26.610000
26.610000
26.610000
26.600000
26.600000
26.600000
26.600000
26.600000
26.610000
26.600000
26.610000
26.600000
26.600000
26.600000
26.610000
26.600000
26.610000
26.610000
26.600000
26.600000
26.600000
26.610000
26.600000
26.600000
26.600000
26.600000
26.600000
26.600000
26.600000
26.600000
26.600000
26.600000
26.600000
26.600000
26.600000
26.600000
26.600000
26.600000
26.600000
26.600000
26.600000
26.600000
26.600000
26.600000
26.600000
26.600000
26.600000
26.600000
26.610000
26.600000
26.600000
26.610000
26.610000
26.610000
26.600000
26.600000
26.600000
26.600000
26.610000
26.600000
26.600000
26.600000
26.600000
26.600000
26.600000
26.600000
26.600000
26.600000
26.600000
26.600000
26.600000
26.600000
26.600000
26.600000
26.600000
26.600000
26.600000
26.600000
26.600000
26.600000
26.610000
26.600000
26.610000
26.600000
26.610000
26.600000
26.600000
26.600000
26.600000
26.600000
26.600000
26.600000
26.600000
26.610000
26.600000
26.600000
26.600000
26.600000
26.600000
26.600000
26.600000
26.600000
26.600000
26.600000
26.600000
26.600000
26.600000
26.600000
26.600000
26.600000
26.600000
26.600000
26.600000
26.600000
26.610000
26.600000
26.600000
26.600000
26.600000
26.600000
26.600000
26.600000
26.600000
26.600000
26.600000
26.600000
26.600000
26.600000
26.600000
26.600000
26.600000
26.600000
26.600000
26.600000
26.600000
26.600000
26.600000
26.600000
26.600000
26.600000
26.600000
26.600000
26.600000
26.600000
26.600000
26.600000
26.600000
26.600000
26.600000
26.600000
26.600000
26.600000
26.600000
26.600000
26.600000
26.600000
26.600000
26.600000
26.600000
26.600000
26.610000
26.600000
26.600000
26.600000
26.600000
26.600000
26.610000
26.600000
26.600000
26.600000
26.600000
26.600000
26.600000
26.600000
26.600000
26.600000
26.600000
26.600000
26.610000
26.600000
26.600000
26.600000
26.600000
26.600000
26.600000
26.600000
26.600000
26.600000
26.600000
26.600000
26.600000
26.600000
26.600000
26.600000
26.600000
26.600000
26.600000
26.600000
26.600000
26.600000
26.600000
26.610000
26.600000
26.600000
26.600000
26.600000
26.600000
26.600000
26.600000
26.600000
26.600000
26.600000
26.600000
26.600000
26.600000
26.600000
26.610000
26.600000
26.610000
26.600000
26.600000
26.600000
26.600000
26.600000
26.600000
26.600000
26.600000
26.600000
26.600000
26.600000
26.600000
26.600000
26.600000
26.600000
26.600000
26.600000
26.600000
26.600000
26.600000
26.600000
26.600000
26.600000
26.600000
26.600000
26.600000
26.600000
26.600000
26.600000
26.600000
26.600000
26.600000
26.600000
26.600000
26.600000
26.600000
26.600000
26.600000
26.600000
26.600000
26.600000
26.600000
26.610000
26.600000
26.600000
26.600000
26.610000
26.600000
26.600000
26.600000
26.610000
26.600000
26.600000
26.610000
26.600000
26.610000
26.600000
26.600000
26.600000
26.600000
26.610000
26.600000
26.600000
26.600000
26.600000
26.610000
26.600000
26.600000
26.600000
26.600000
26.610000
26.600000
26.600000
26.600000
26.600000
26.610000
26.600000
26.610000
26.600000
26.600000
26.600000
26.600000
26.600000
26.600000
26.600000
26.610000
26.610000
26.600000
26.600000
26.600000
26.600000
26.600000
26.600000
26.600000
26.600000
26.600000
26.600000
26.600000
26.600000
26.600000
26.600000
26.600000
26.600000
26.600000
26.600000
26.600000
26.600000
26.600000
26.600000
26.600000
26.600000
26.600000
26.610000
26.600000
26.600000
26.600000
26.600000
26.600000
26.600000
26.600000
26.600000
26.600000
26.600000
26.600000
26.600000
26.600000
26.600000
26.600000
26.600000
26.600000
26.600000
26.600000
26.600000
26.600000
26.600000
26.600000
26.600000
26.600000
26.600000
26.600000
26.600000
26.600000
26.600000
26.600000
26.600000
26.600000
26.600000
26.600000
26.600000
26.600000
26.600000
26.600000
26.600000
26.600000
26.600000
26.600000
26.600000
26.600000
26.600000
26.600000
26.610000
26.610000
26.600000
26.610000
26.600000
26.600000
26.610000
26.600000
26.600000
26.600000
26.600000
26.600000
26.600000
26.600000
26.600000
26.600000
26.600000
26.600000
26.600000
26.600000
26.600000
26.600000
26.600000
26.600000
26.600000
26.600000
26.600000
26.600000
26.600000
26.600000
26.600000
26.600000
26.600000
26.600000
26.600000
26.600000
26.600000
26.600000
26.600000
26.600000
26.600000
26.600000
26.600000
26.600000
26.600000
26.610000
26.600000
26.600000
26.600000
26.600000
26.600000
26.600000
26.600000
26.600000
26.600000
26.600000
26.600000
26.600000
26.600000
26.600000
26.600000
26.610000
26.600000
26.600000
26.600000
26.600000
26.600000
26.600000
26.600000
26.600000
26.600000
26.600000
26.600000
26.610000
26.600000
26.600000
26.600000
26.600000
26.600000
26.600000
26.600000
26.600000
26.600000
26.610000
26.600000
26.600000
26.600000
26.610000
26.600000
26.600000
26.600000
26.600000
26.600000
26.600000
26.600000
26.600000
26.600000
26.600000
26.600000
26.600000
26.600000
26.600000
26.600000
26.600000
26.600000
26.600000
26.600000
26.600000
26.600000
26.610000
26.600000
26.600000
26.600000
26.600000
26.600000
26.600000
26.600000
26.600000
26.600000
26.600000
26.600000
26.600000
26.600000
26.600000
26.600000
26.600000
26.600000
26.610000
26.600000
26.600000
26.610000
26.600000
26.610000
26.600000
26.600000
26.600000
26.600000
26.600000
26.600000
26.600000
26.610000
26.600000
26.600000
26.600000
26.610000
26.600000
26.600000
26.600000
26.600000
26.600000
26.600000
26.610000
26.610000
26.600000
26.610000
26.600000
26.600000
26.600000
26.600000
26.600000
26.600000
26.600000
26.600000
26.600000
26.600000
26.600000
26.600000
26.600000
26.600000
26.600000
26.600000
26.600000
26.600000
26.600000
26.600000
26.600000
26.600000
26.600000
26.600000
26.600000
26.600000
26.600000
26.600000
26.600000
26.600000
26.600000
26.600000
