10.800000
10.800000
10.800000
10.820000
10.890000
11.040000
11.180000
11.310000
11.430000
11.570000
11.680000
11.800000
11.940000
12.050000
12.230000
12.310000
12.370000
12.450000
12.570000
12.710000
12.870000
13.020000
13.200000
13.330000
13.480000
13.640000
13.790000
13.930000
14.070000
14.260000
14.400000
14.540000
14.690000
14.840000
15.000000
15.180000
15.320000
15.480000
15.660000
15.810000
15.970000
16.130000
16.310000
16.490000
16.670000
16.850000
17.000000
17.180000
17.350000
17.570000
17.800000
17.980000
18.190000
18.410000
18.610000
18.750000
18.920000
19.070000
19.250000
19.420000
19.550000
19.700000
19.870000
20.030000
20.220000
20.370000
20.490000
20.660000
20.830000
20.980000
21.140000
21.240000
21.400000
21.530000
21.650000
21.780000
21.970000
22.120000
22.250000
22.410000
22.530000
22.700000
22.850000
23.000000
23.180000
23.300000
23.460000
23.620000
23.790000
23.940000
24.090000
24.210000
24.390000
24.520000
24.680000
24.800000
24.940000
25.080000
25.190000
25.320000
25.450000
25.600000
25.710000
25.860000
25.980000
26.110000
26.220000
26.350000
26.450000
26.570000
26.660000
26.790000
26.920000
27.030000
27.110000
27.220000
27.350000
27.520000
27.620000
27.680000
27.820000
27.930000
28.030000
28.140000
28.260000
28.360000
28.470000
28.600000
28.700000
28.820000
28.930000
29.040000
29.160000
29.280000
29.390000
29.510000
29.650000
29.760000
29.890000
29.980000
30.100000
30.160000
30.210000
30.290000
30.330000
30.310000
30.380000
30.480000
30.600000
30.620000
30.720000
30.800000
30.890000
31.000000
31.150000
31.240000
31.390000
31.580000
31.740000
31.890000
32.010000
32.100000
32.180000
32.280000
32.340000
32.400000
32.500000
32.560000
32.630000
32.720000
32.800000
32.870000
32.970000
33.060000
33.120000
33.210000
33.280000
33.370000
33.450000
33.530000
33.600000
33.690000
33.750000
33.820000
33.880000
33.950000
34.020000
34.060000
34.130000
34.190000
34.240000
34.300000
34.350000
34.430000
34.490000
34.540000
34.610000
34.690000
34.750000
34.810000
34.890000
34.950000
35.000000
35.080000
35.140000
35.190000
35.270000
35.280000
35.330000
35.380000
35.420000
35.460000
35.510000
35.570000
35.610000
35.660000
35.700000
35.760000
35.810000
35.840000
35.880000
35.890000
35.910000
35.950000
35.990000
36.030000
36.080000
36.120000
36.180000
36.240000
36.280000
36.310000
36.370000
36.410000
36.400000
36.430000
36.480000
36.500000
36.500000
36.520000
36.530000
36.550000
36.570000
36.600000
36.640000
36.710000
36.730000
36.750000
36.780000
36.800000
36.840000
36.870000
36.910000
36.940000
36.970000
37.010000
37.060000
37.090000
37.110000
37.120000
37.140000
37.160000
37.190000
37.220000
37.250000
37.290000
37.320000
37.360000
37.400000
37.440000
37.470000
37.500000
37.550000
37.580000
37.610000
37.620000
37.600000
37.600000
37.580000
37.600000
37.630000
37.640000
37.650000
37.670000
37.700000
37.730000
37.750000
37.770000
37.780000
37.780000
37.770000
37.770000
37.800000
37.820000
37.840000
37.850000
37.850000
37.870000
37.890000
37.930000
37.940000
37.980000
38.000000
38.050000
38.100000
38.120000
38.140000
38.140000
38.170000
38.190000
38.200000
38.190000
38.210000
38.240000
38.240000
38.270000
38.280000
38.280000
38.310000
38.330000
38.360000
38.380000
38.380000
38.370000
38.390000
38.420000
38.450000
38.480000
38.520000
38.550000
38.580000
38.590000
38.600000
38.630000
38.660000
38.650000
38.650000
38.660000
38.680000
38.700000
38.680000
38.690000
38.710000
38.710000
38.720000
38.720000
38.720000
38.720000
38.710000
38.730000
38.720000
38.720000
38.710000
38.730000
38.740000
38.750000
38.770000
38.750000
38.730000
38.750000
38.770000
38.780000
38.800000
38.820000
38.810000
38.800000
38.760000
38.740000
38.730000
38.740000
38.760000
38.760000
38.760000
38.770000
38.770000
38.750000
38.740000
38.760000
38.780000
38.770000
38.760000
38.760000
38.760000
38.740000
38.700000
38.700000
38.710000
38.710000
38.680000
38.680000
38.700000
38.720000
38.740000
38.770000
38.790000
38.780000
38.760000
38.720000
38.650000
38.650000
38.630000
38.600000
38.600000
38.620000
38.620000
38.630000
38.620000
38.640000
38.660000
38.670000
38.690000
38.730000
38.760000
38.770000
38.770000
38.790000
38.790000
38.780000
38.780000
38.780000
38.750000
38.660000
38.610000
38.590000
38.600000
38.600000
38.610000
38.620000
38.650000
38.660000
38.680000
38.670000
38.660000
38.660000
38.660000
38.650000
38.650000
38.590000
38.540000
38.520000
38.470000
38.470000
38.460000
38.430000
38.420000
38.390000
38.380000
38.370000
38.360000
38.360000
38.350000
38.320000
38.310000
38.330000
38.340000
38.310000
38.300000
38.300000
38.290000
38.280000
38.260000
38.270000
38.280000
38.280000
38.280000
38.260000
38.270000
38.260000
38.250000
38.220000
38.200000
38.200000
38.220000
38.220000
38.220000
38.210000
38.200000
38.180000
38.180000
38.190000
38.180000
38.150000
38.110000
38.110000
38.070000
38.050000
38.050000
38.070000
38.080000
38.070000
38.070000
38.080000
38.090000
38.070000
38.070000
38.080000
38.090000
38.070000
38.080000
38.090000
38.090000
38.050000
38.010000
37.930000
37.870000
37.840000
37.820000
37.800000
37.790000
37.760000
37.760000
37.730000
37.680000
37.660000
37.660000
37.570000
37.520000
37.480000
37.470000
37.410000
37.410000
37.390000
37.410000
37.450000
37.490000
37.540000
37.570000
37.600000
37.600000
37.560000
37.540000
37.530000
37.520000
37.520000
37.480000
37.510000
37.480000
37.450000
37.380000
37.330000
37.220000
37.150000
37.110000
37.870000
37.080000
36.600000
36.560000
36.560000
36.520000
36.510000
36.520000
36.560000
36.590000
36.590000
36.590000
36.560000
36.540000
36.520000
36.470000
36.450000
36.460000
36.440000
36.430000
36.440000
36.430000
36.380000
36.370000
36.340000
36.320000
36.300000
36.220000
36.150000
36.060000
36.000000
35.950000
35.890000
35.860000
35.850000
35.770000
35.710000
35.640000
35.640000
35.600000
35.580000
35.540000
35.490000
35.480000
35.450000
35.410000
35.380000
35.350000
35.320000
35.280000
35.240000
35.200000
35.180000
35.150000
35.110000
34.990000
34.890000
34.800000
34.750000
34.670000
34.600000
34.530000
34.490000
34.450000
34.410000
34.370000
34.280000
34.240000
34.180000
34.120000
34.110000
34.090000
33.990000
33.890000
33.780000
33.710000
33.600000
33.470000
33.290000
33.150000
33.020000
32.960000
32.820000
32.650000
32.610000
32.530000
32.360000
32.180000
32.120000
-23.510000
-41.800000
-41.580000
-41.330000
-41.190000
-41.030000
-40.830000
-40.630000
-40.450000
-40.250000
-40.020000
-39.810000
-39.600000
-39.440000
-39.310000
-39.150000
-39.010000
-38.840000
-38.690000
-38.560000
-38.400000
-38.190000
-37.930000
-37.750000
-37.560000
-37.350000
-37.040000
-36.860000
-36.630000
-36.470000
-36.330000
-36.180000
-36.010000
-35.850000
-35.720000
-35.610000
-35.440000
-35.260000
-35.070000
-34.890000
-34.730000
-34.580000
-34.390000
-34.210000
-34.030000
-33.860000
-33.680000
-33.470000
-33.300000
-33.170000
-33.030000
-32.880000
-32.730000
-32.600000
-32.460000
-32.310000
-32.170000
-32.030000
-31.920000
-31.810000
-31.720000
-31.590000
-31.470000
-31.350000
-31.240000
-31.160000
-31.080000
-30.990000
-30.890000
-30.790000
-30.710000
-30.590000
-30.510000
-30.430000
-30.340000
-30.290000
-30.220000
-30.140000
-30.060000
-29.990000
-29.890000
-29.820000
-29.690000
-327.670000
-29.540000
-29.370000
-29.380000
-29.230000
-29.060000
-28.930000
-28.760000
-28.800000
-28.630000
-28.500000
-28.440000
-28.350000
-28.260000
-28.230000
-28.260000
-28.150000
-28.110000
-27.920000
-27.870000
-27.790000
-27.640000
-27.530000
-27.420000
-27.330000
-27.280000
-27.190000
-27.110000
-27.000000
-26.950000
-26.890000
-26.820000
-26.700000
-26.620000
-26.520000
-26.440000
-26.280000
-26.130000
-26.070000
-25.970000
-25.820000
-25.700000
-25.560000
-25.460000
-25.310000
-25.160000
-25.030000
-24.940000
-24.830000
-24.700000
-24.560000
-24.440000
-24.310000
-24.200000
-24.060000
-23.930000
-23.800000
-23.660000
-23.510000
-23.390000
-23.240000
-23.100000
-22.960000
-22.810000
-22.710000
-22.600000
-22.490000
-22.340000
-22.220000
-22.110000
-21.960000
-21.780000
-21.600000
-21.460000
-21.360000
-21.240000
-21.100000
-20.980000
-20.870000
-20.740000
-20.610000
-20.450000
-20.320000
-20.180000
-20.030000
-19.930000
-19.750000
-19.600000
-19.450000
-19.300000
-19.170000
-19.020000
-18.870000
-18.720000
-18.590000
-18.460000
-18.300000
-18.160000
-18.000000
-17.850000
-17.680000
-17.530000
-17.380000
-17.220000
-17.080000
-16.900000
-16.720000
-16.570000
-16.420000
-16.310000
-16.190000
-16.030000
-15.900000
-15.730000
-15.630000
-15.500000
-15.380000
-15.260000
-15.100000
-14.930000
-14.750000
-14.600000
-14.460000
-14.280000
-14.140000
-13.980000
-13.800000
-13.660000
-13.490000
-13.330000
-13.180000
-13.060000
-12.910000
-12.780000
-12.660000
-12.500000
-12.390000
-12.260000
-12.140000
-12.020000
-11.880000
-11.750000
-11.620000
-11.490000
-11.340000
-11.210000
-11.040000
-10.870000
-10.730000
-10.600000
-10.450000
-10.300000
-10.180000
-10.040000
-9.890000
-9.750000
-9.600000
-9.460000
-9.300000
-9.140000
-8.980000
-8.830000
-8.660000
-8.500000
-8.340000
-8.180000
-8.020000
-7.840000
-7.700000
-7.570000
-7.420000
-7.260000
-7.120000
-6.980000
-6.850000
-6.680000
-6.540000
-6.380000
-6.230000
-6.070000
-5.940000
-5.770000
-5.630000
-5.470000
-5.340000
-5.230000
-5.120000
-4.990000
-4.860000
-4.730000
-4.590000
-4.450000
-4.330000
-4.150000
-3.990000
-3.820000
-3.680000
-3.500000
-3.350000
-3.170000
-3.030000
-2.870000
-2.730000
-2.620000
-2.490000
-2.340000
-2.210000
-2.060000
-1.930000
-1.800000
-1.630000
-1.490000
-1.370000
-1.230000
-1.080000
-0.950000
-0.810000
-0.670000
-0.550000
-0.380000
-0.240000
-0.080000
0.030000
0.160000
0.300000
0.460000
0.630000
0.780000
0.890000
1.050000
1.210000
1.340000
1.490000
1.630000
1.790000
1.950000
2.080000
2.210000
2.380000
2.530000
2.680000
2.850000
2.990000
3.160000
3.310000
3.490000
3.620000
3.770000
3.930000
4.060000
4.230000
4.360000
4.540000
4.670000
4.790000
4.950000
5.090000
5.240000
5.380000
5.550000
5.700000
5.880000
6.030000
6.170000
6.310000
6.440000
6.580000
6.710000
6.900000
7.060000
7.210000
7.370000
7.520000
7.670000
7.800000
7.920000
8.070000
8.230000
8.360000
8.490000
8.630000
8.770000
8.900000
9.020000
9.150000
9.280000
9.410000
9.530000
9.660000
9.760000
9.890000
10.030000
10.170000
10.280000
10.420000
10.570000
10.720000
10.890000
11.070000
11.220000
11.360000
11.550000
11.700000
11.830000
11.980000
12.110000
12.250000
12.380000
12.530000
12.680000
12.830000
12.960000
13.130000
13.270000
13.430000
13.580000
13.740000
13.890000
14.010000
14.130000
14.270000
14.390000
14.510000
14.650000
14.770000
14.900000
15.020000
15.160000
15.280000
15.400000
15.540000
15.680000
15.810000
15.950000
16.100000
16.240000
16.420000
16.590000
16.750000
16.950000
17.090000
17.250000
17.400000
17.510000
17.640000
17.760000
17.890000
18.030000
18.150000
18.290000
18.470000
18.620000
18.750000
18.950000
19.110000
19.260000
19.430000
19.600000
19.770000
19.900000
20.040000
20.170000
20.350000
20.580000
20.680000
20.800000
20.940000
21.070000
21.150000
21.310000
21.450000
21.530000
21.660000
21.820000
21.990000
22.190000
22.340000
22.450000
22.550000
22.670000
22.760000
22.860000
22.950000
23.030000
23.120000
23.200000
23.310000
23.430000
23.550000
23.720000
23.860000
23.990000
24.120000
24.240000
24.360000
24.470000
24.580000
24.690000
24.800000
24.900000
25.000000
25.080000
25.180000
25.250000
25.330000
25.430000
25.530000
25.610000
25.700000
25.800000
25.890000
25.950000
26.030000
26.110000
26.180000
26.260000
26.350000
26.480000
26.600000
26.680000
26.760000
26.850000
26.980000
27.100000
27.220000
27.300000
27.410000
27.490000
27.580000
27.670000
27.790000
27.880000
27.980000
28.050000
28.130000
28.220000
28.250000
28.340000
28.460000
28.550000
28.640000
28.750000
28.850000
28.930000
29.020000
29.120000
29.210000
29.300000
29.370000
29.410000
29.470000
29.540000
29.600000
29.670000
29.740000
29.800000
29.870000
29.900000
29.930000
29.940000
29.970000
30.010000
30.030000
30.080000
30.120000
30.130000
30.190000
30.250000
30.320000
30.390000
30.450000
30.510000
30.570000
30.630000
30.700000
30.720000
30.780000
30.840000
30.890000
30.920000
30.960000
31.030000
31.110000
31.170000
31.250000
31.330000
31.380000
31.470000
31.550000
31.620000
31.690000
31.760000
31.840000
31.920000
32.010000
32.070000
32.140000
32.190000
32.210000
32.250000
32.290000
32.330000
32.380000
32.420000
32.450000
32.510000
32.560000
32.610000
32.680000
32.730000
32.780000
32.830000
32.890000
32.950000
32.990000
33.020000
33.040000
33.090000
33.090000
33.100000
33.070000
33.070000
33.090000
33.120000
33.170000
33.230000
33.270000
33.310000
33.340000
33.360000
33.370000
33.390000
33.440000
33.480000
33.520000
33.570000
33.620000
33.660000
33.690000
33.740000
33.770000
33.780000
33.790000
33.800000
33.830000
33.840000
33.860000
33.880000
33.890000
33.920000
33.930000
33.960000
34.000000
34.060000
34.110000
34.170000
34.230000
34.260000
34.290000
34.320000
34.350000
34.370000
34.340000
34.360000
34.390000
34.430000
34.480000
34.520000
34.570000
34.620000
34.640000
34.640000
34.640000
34.660000
34.680000
34.690000
34.700000
34.710000
34.730000
34.760000
34.780000
34.780000
34.800000
34.800000
34.830000
34.830000
34.870000
34.890000
34.910000
34.950000
34.970000
34.990000
35.020000
35.050000
35.090000
35.130000
35.150000
35.180000
35.200000
35.220000
35.240000
35.270000
35.280000
35.300000
35.310000
35.310000
35.290000
35.300000
35.300000
35.320000
35.320000
35.350000
35.350000
35.370000
35.380000
35.380000
35.390000
35.400000
35.410000
35.430000
35.440000
35.460000
35.470000
35.470000
35.480000
35.500000
35.530000
35.540000
35.570000
35.580000
35.570000
35.570000
35.570000
35.540000
35.550000
35.570000
35.600000
35.610000
35.650000
35.680000
35.700000
35.710000
35.690000
35.690000
35.680000
35.680000
35.670000
35.640000
35.650000
35.650000
35.670000
35.690000
35.700000
35.700000
35.700000
35.730000
35.760000
35.760000
35.760000
35.770000
35.790000
35.820000
35.830000
35.820000
35.820000
35.790000
35.780000
35.790000
35.800000
35.820000
35.850000
35.860000
35.890000
35.900000
35.890000
35.890000
35.880000
35.890000
35.890000
35.910000
35.920000
35.920000
35.920000
35.930000
35.940000
35.950000
35.940000
35.940000
35.930000
35.930000
35.950000
35.950000
35.940000
35.930000
35.920000
35.910000
35.900000
35.890000
35.890000
35.880000
35.890000
35.880000
35.860000
35.850000
35.840000
35.860000
35.840000
35.810000
35.790000
35.780000
35.760000
35.770000
35.760000
35.750000
35.740000
35.760000
35.760000
35.780000
35.790000
35.810000
35.810000
35.780000
35.770000
35.770000
35.740000
35.720000
35.730000
35.700000
35.660000
35.610000
35.540000
35.520000
35.540000
35.530000
35.520000
35.490000
35.490000
35.470000
35.470000
35.440000
35.420000
35.390000
35.380000
35.370000
35.370000
35.350000
35.320000
35.300000
35.240000
35.220000
35.190000
35.150000
35.140000
35.080000
35.020000
35.010000
35.000000
34.980000
34.960000
34.920000
34.840000
34.810000
34.790000
34.760000
34.730000
34.700000
34.670000
34.630000
34.620000
34.610000
34.590000
34.550000
34.500000
34.450000
34.420000
34.410000
34.370000
34.340000
34.320000
34.300000
34.240000
34.160000
34.110000
34.060000
33.970000
33.890000
33.830000
33.790000
33.760000
33.690000
33.640000
33.560000
33.480000
33.370000
33.260000
33.200000
33.110000
33.040000
32.960000
32.890000
32.780000
32.650000
32.480000
32.360000
32.200000
32.040000
31.870000
31.730000
31.700000
31.640000
31.570000
31.520000
31.440000
31.340000
31.260000
31.180000
31.170000
30.990000
-327.670000
-327.670000
-327.670000
-327.670000
-327.670000
-327.670000
27.960000
19.980000
20.130000
20.280000
20.420000
20.560000
20.720000
20.840000
21.010000
21.150000
21.320000
21.460000
21.600000
21.730000
21.880000
21.990000
22.100000
22.220000
22.340000
22.460000
22.580000
22.700000
22.860000
22.970000
23.100000
23.210000
23.340000
23.480000
23.620000
23.750000
23.910000
24.030000
24.140000
24.260000
24.370000
24.490000
24.590000
24.700000
24.820000
24.970000
25.070000
25.170000
25.280000
25.390000
25.500000
25.620000
25.770000
25.870000
25.990000
26.130000
26.260000
26.380000
26.500000
26.620000
26.740000
26.840000
26.950000
27.070000
27.170000
27.300000
27.400000
27.500000
27.610000
27.720000
27.820000
27.930000
28.040000
28.140000
28.240000
28.360000
28.430000
28.510000
28.610000
28.680000
28.770000
28.890000
28.960000
29.040000
29.150000
29.350000
29.430000
29.500000
29.590000
29.640000
29.660000
29.700000
29.790000
29.880000
29.970000
30.070000
30.140000
30.220000
30.320000
30.420000
30.480000
30.580000
30.690000
30.810000
30.920000
31.060000
31.120000
31.190000
31.290000
31.340000
31.420000
31.500000
31.580000
31.680000
31.750000
31.830000
31.890000
31.950000
32.010000
32.080000
32.170000
32.240000
32.300000
32.380000
32.430000
32.510000
32.580000
32.640000
32.690000
32.770000
32.830000
32.900000
32.970000
33.030000
33.110000
33.180000
33.260000
33.310000
33.380000
33.450000
33.510000
33.590000
33.640000
33.720000
33.750000
33.800000
33.870000
33.910000
33.950000
33.990000
34.030000
34.070000
34.130000
34.180000
34.220000
34.260000
34.320000
34.380000
34.440000
34.480000
34.520000
34.590000
34.640000
34.690000
34.740000
34.780000
34.810000
34.860000
34.900000
34.930000
34.970000
35.010000
35.050000
35.060000
35.080000
35.120000
35.170000
35.200000
35.230000
35.270000
35.300000
35.350000
35.370000
35.390000
35.430000
35.450000
35.470000
35.510000
35.540000
35.580000
35.610000
35.650000
35.670000
35.690000
35.710000
35.730000
35.760000
35.750000
35.790000
35.830000
35.870000
35.890000
35.940000
35.990000
36.020000
36.030000
36.060000
36.070000
36.100000
36.120000
36.150000
36.180000
36.210000
36.210000
36.240000
36.270000
36.280000
36.300000
36.310000
36.340000
36.370000
36.390000
36.430000
36.480000
36.520000
36.540000
36.600000
36.670000
36.690000
36.730000
36.760000
36.760000
36.790000
36.810000
36.840000
36.880000
36.900000
36.940000
36.980000
37.030000
37.030000
37.020000
37.040000
37.070000
37.110000
37.120000
37.140000
37.140000
37.160000
37.220000
37.230000
37.260000
37.300000
37.320000
37.360000
37.400000
37.440000
37.440000
37.440000
37.460000
37.470000
37.490000
37.520000
37.570000
37.590000
37.620000
37.630000
37.660000
37.660000
37.670000
37.650000
37.650000
37.660000
37.670000
37.690000
37.710000
37.710000
37.750000
37.760000
37.770000
37.790000
37.790000
37.820000
37.830000
37.860000
37.890000
37.910000
37.950000
37.960000
38.000000
38.010000
37.980000
38.000000
38.020000
38.040000
38.060000
38.060000
38.050000
38.080000
38.070000
38.060000
38.080000
38.080000
38.110000
38.120000
38.150000
38.160000
38.160000
38.180000
38.170000
38.170000
38.170000
38.190000
38.210000
38.250000
38.240000
38.260000
38.280000
38.280000
38.300000
38.310000
38.310000
38.320000
38.330000
38.340000
38.340000
38.350000
38.370000
38.390000
38.430000
38.450000
38.470000
38.490000
38.470000
38.490000
38.490000
38.490000
38.470000
38.430000
38.440000
38.450000
38.470000
38.490000
38.500000
38.500000
38.490000
38.480000
38.500000
38.510000
38.520000
38.560000
38.580000
38.580000
38.630000
38.650000
38.660000
38.650000
38.630000
38.630000
38.630000
38.630000
38.620000
38.620000
38.630000
38.670000
38.710000
38.730000
38.740000
38.750000
38.730000
38.730000
38.740000
38.740000
38.730000
38.730000
38.710000
38.710000
38.710000
38.710000
38.730000
38.730000
38.710000
38.710000
38.690000
38.680000
38.690000
38.690000
38.700000
38.710000
38.740000
38.760000
38.800000
38.810000
38.810000
38.830000
38.850000
38.830000
38.850000
38.840000
38.860000
38.850000
38.870000
38.880000
38.860000
38.860000
38.860000
38.840000
38.850000
38.840000
38.870000
38.850000
38.830000
38.830000
38.810000
38.810000
38.810000
38.800000
38.800000
38.800000
38.810000
38.830000
38.850000
38.860000
38.890000
38.910000
38.940000
38.950000
38.970000
38.980000
38.970000
38.960000
38.950000
38.940000
38.920000
38.910000
38.890000
38.880000
38.870000
38.830000
38.820000
38.800000
38.790000
38.800000
38.790000
38.800000
38.810000
38.840000
38.870000
38.860000
38.900000
38.910000
38.920000
38.950000
38.960000
38.970000
38.970000
38.970000
38.970000
38.940000
38.950000
38.920000
38.930000
38.930000
38.910000
38.870000
38.850000
38.820000
38.810000
38.840000
38.840000
38.830000
38.780000
38.780000
38.770000
38.760000
38.790000
38.810000
38.840000
38.840000
38.870000
38.900000
38.890000
38.910000
38.910000
38.890000
38.890000
38.850000
38.800000
38.780000
38.750000
38.760000
38.760000
38.750000
38.740000
38.730000
38.760000
38.760000
38.730000
38.680000
38.640000
38.600000
38.560000
38.530000
38.540000
38.540000
38.510000
38.470000
38.460000
38.460000
38.400000
38.380000
38.410000
38.380000
38.340000
38.320000
38.300000
38.280000
38.260000
38.260000
38.260000
38.230000
38.240000
38.220000
38.210000
38.180000
38.170000
38.140000
38.110000
38.060000
38.010000
37.990000
37.960000
37.910000
37.900000
37.870000
37.820000
37.760000
37.720000
37.720000
37.690000
37.660000
37.650000
37.610000
37.580000
37.560000
37.530000
37.520000
37.520000
37.490000
37.440000
37.430000
37.370000
37.340000
37.360000
37.330000
37.310000
37.260000
37.230000
37.210000
37.180000
37.150000
37.100000
37.050000
36.990000
36.960000
36.920000
36.910000
36.870000
36.810000
36.740000
36.720000
36.690000
36.640000
36.620000
36.590000
36.540000
36.490000
36.420000
36.330000
36.300000
36.260000
36.200000
36.150000
36.110000
36.060000
35.990000
35.950000
35.920000
35.850000
35.800000
35.760000
35.710000
35.580000
35.460000
35.380000
35.270000
35.140000
35.030000
34.950000
34.860000
34.750000
34.650000
34.540000
34.420000
34.290000
34.160000
34.070000
34.030000
34.040000
33.990000
33.930000
33.850000
33.790000
33.750000
33.710000
26.140000
26.190000
26.250000
26.310000
26.360000
26.390000
26.410000
26.450000
26.480000
26.490000
26.500000
26.510000
26.520000
26.520000
26.520000
26.520000
26.520000
26.520000
26.520000
26.530000
26.530000
26.530000
26.530000
26.530000
26.530000
26.530000
26.530000
26.530000
26.530000
26.530000
26.530000
26.530000
26.530000
26.530000
26.540000
26.540000
26.540000
26.540000
26.540000
26.540000
26.540000
26.540000
26.540000
26.540000
26.540000
26.540000
26.540000
26.540000
26.540000
26.540000
26.540000
26.540000
26.540000
26.540000
26.540000
26.540000
26.540000
26.540000
26.540000
26.540000
26.540000
26.540000
26.540000
26.540000
26.540000
26.540000
26.540000
26.540000
26.540000
26.540000
26.540000
26.540000
26.540000
26.540000
26.540000
26.540000
26.540000
26.540000
26.540000
26.540000
26.540000
26.540000
26.540000
26.540000
26.540000
26.540000
26.540000
26.540000
26.540000
26.540000
26.540000
26.540000
26.540000
26.540000
26.540000
26.540000
26.540000
26.540000
26.540000
26.540000
26.540000
26.540000
26.540000
26.540000
26.540000
26.540000
26.540000
26.540000
26.540000
26.540000
26.540000
26.540000
26.540000
26.540000
26.540000
26.540000
26.540000
26.540000
26.540000
26.540000
26.540000
26.540000
26.540000
26.540000
26.540000
26.540000
26.540000
26.540000
26.540000
26.540000
26.540000
26.540000
26.540000
26.540000
26.540000
26.540000
26.540000
26.540000
26.540000
26.540000
26.540000
26.540000
26.540000
26.540000
26.540000
26.540000
26.540000
26.540000
26.540000
26.540000
26.540000
26.540000
26.540000
26.540000
26.540000
26.540000
26.540000
26.540000
26.540000
26.540000
26.540000
26.540000
26.540000
26.540000
26.540000
26.540000
26.540000
26.540000
26.540000
26.540000
26.540000
26.540000
26.540000
26.540000
26.540000
26.540000
26.540000
26.540000
26.540000
26.540000
26.540000
26.540000
26.540000
26.540000
26.540000
26.540000
26.540000
26.540000
26.540000
26.540000
26.540000
26.540000
26.540000
26.540000
26.540000
26.540000
26.540000
26.540000
26.540000
26.540000
26.540000
26.540000
26.540000
26.540000
26.540000
26.540000
26.540000
26.540000
26.540000
26.540000
26.540000
26.540000
26.540000
26.540000
26.540000
26.540000
26.540000
26.540000
26.540000
26.540000
26.540000
26.540000
26.540000
26.540000
26.540000
26.540000
26.540000
26.540000
26.540000
26.540000
26.540000
26.540000
26.540000
26.540000
26.540000
26.540000
26.540000
26.540000
26.540000
26.540000
26.540000
26.540000
26.540000
26.540000
26.540000
26.540000
26.540000
26.540000
26.540000
26.540000
26.540000
26.540000
26.540000
26.540000
26.540000
26.540000
26.540000
26.540000
26.540000
26.540000
26.540000
26.540000
26.540000
26.540000
26.540000
26.540000
26.540000
26.540000
26.540000
26.540000
26.540000
26.540000
26.540000
26.540000
26.540000
26.540000
26.540000
26.540000
26.540000
26.540000
26.540000
26.540000
26.540000
26.540000
26.540000
26.540000
26.540000
26.540000
26.540000
26.540000
26.540000
26.540000
26.540000
26.540000
26.540000
26.540000
26.540000
26.540000
26.540000
26.540000
26.540000
26.540000
26.540000
26.540000
26.540000
26.540000
26.540000
26.540000
26.540000
26.540000
26.540000
26.540000
26.540000
26.540000
26.540000
26.540000
26.540000
26.540000
26.540000
26.540000
26.540000
26.540000
26.540000
26.540000
26.540000
26.540000
26.540000
26.540000
26.540000
26.540000
26.540000
26.540000
26.540000
26.540000
26.540000
26.540000
26.540000
26.540000
26.540000
26.540000
26.540000
26.540000
26.540000
26.540000
26.540000
26.540000
26.540000
26.540000
26.540000
26.540000
26.540000
26.540000
26.540000
26.540000
26.540000
26.540000
26.540000
26.540000
26.540000
26.540000
26.540000
26.540000
26.540000
26.540000
26.540000
26.540000
26.540000
26.540000
26.540000
26.540000
26.540000
26.540000
26.540000
26.550000
26.540000
26.540000
26.540000
26.540000
26.540000
26.540000
26.540000
26.540000
26.540000
26.540000
26.540000
26.540000
26.540000
26.540000
26.540000
26.540000
26.540000
26.540000
26.540000
26.540000
26.540000
26.540000
26.540000
26.540000
26.540000
26.540000
26.540000
26.540000
26.540000
26.540000
26.540000
26.540000
26.540000
26.540000
26.540000
26.540000
26.540000
26.540000
26.540000
26.540000
26.540000
26.540000
26.540000
26.540000
26.540000
26.540000
26.530000
26.540000
26.540000
26.540000
26.540000
26.540000
26.540000
26.540000
26.540000
26.540000
26.540000
26.540000
26.540000
26.540000
26.540000
26.540000
26.540000
26.540000
26.540000
26.540000
26.540000
26.540000
26.540000
26.540000
26.540000
26.540000
26.540000
26.540000
26.540000
26.540000
26.540000
26.540000
26.540000
26.540000
26.540000
26.540000
26.540000
26.540000
26.540000
26.540000
26.540000
26.540000
26.540000
26.540000
26.540000
26.540000
26.540000
26.540000
26.540000
26.540000
26.540000
26.540000
26.540000
26.540000
26.540000
26.540000
26.540000
26.540000
26.540000
26.540000
26.540000
26.540000
26.540000
26.540000
26.540000
26.540000
26.540000
26.540000
26.540000
26.540000
26.540000
26.540000
26.540000
26.540000
26.540000
26.540000
26.540000
26.540000
26.540000
26.540000
26.540000
26.540000
26.540000
26.540000
26.540000
26.540000
26.540000
26.540000
26.540000
26.540000
26.540000
26.540000
26.540000
26.540000
26.540000
26.540000
26.540000
26.540000
26.540000
26.540000
26.540000
26.540000
26.540000
26.540000
26.540000
26.540000
26.540000
26.540000
26.540000
26.540000
26.540000
26.540000
26.540000
26.540000
26.540000
26.540000
26.540000
26.540000
26.540000
26.540000
26.540000
26.540000
26.540000
26.540000
26.540000
26.540000
26.540000
26.540000
26.540000
26.540000
26.540000
26.540000
26.540000
26.540000
26.540000
26.540000
26.540000
26.540000
26.540000
26.540000
26.540000
26.540000
26.540000
26.540000
26.540000
26.540000
26.540000
26.540000
26.540000
26.540000
26.540000
26.540000
26.540000
26.540000
26.540000
26.540000
26.540000
26.540000
26.540000
26.540000
26.540000
26.540000
26.540000
26.540000
26.540000
26.540000
26.540000
26.540000
26.540000
26.540000
26.540000
26.540000
26.540000
26.540000
26.540000
26.540000
26.540000
26.540000
26.540000
26.540000
26.540000
26.540000
26.540000
26.540000
26.540000
26.540000
26.540000
26.540000
26.540000
26.540000
26.540000
26.540000
26.540000
26.540000
26.540000
26.540000
26.540000
26.540000
26.540000
26.540000
26.540000
26.540000
26.540000
26.540000
26.540000
26.540000
26.540000
26.540000
26.540000
26.540000
26.540000
26.540000
26.540000
26.540000
26.540000
26.540000
26.540000
26.540000
26.540000
26.540000
26.540000
26.540000
26.540000
26.540000
26.540000
26.540000
26.540000
26.540000
26.540000
26.540000
26.540000
26.540000
26.540000
26.540000
26.540000
26.540000
26.540000
26.540000
26.540000
26.540000
26.540000
26.540000
26.540000
26.540000
26.540000
26.540000
26.540000
26.540000
26.540000
26.540000
26.540000
26.540000
26.540000
26.540000
26.540000
26.540000
26.540000
26.540000
26.540000
26.540000
26.540000
26.540000
26.540000
26.540000
26.540000
26.540000
26.540000
26.540000
26.540000
26.540000
26.540000
26.540000
26.540000
26.540000
26.540000
26.540000
26.540000
26.540000
26.540000
26.540000
26.540000
26.540000
26.540000
26.540000
26.540000
26.540000
26.540000
26.540000
26.540000
26.540000
26.540000
26.540000
26.540000
26.540000
26.540000
26.540000
26.540000
26.540000
26.540000
26.540000
26.540000
26.540000
26.540000
26.540000
26.540000
26.540000
26.540000
26.540000
26.540000
26.540000
26.540000
26.540000
26.540000
26.540000
26.540000
26.540000
26.540000
26.540000
26.540000
26.540000
26.540000
26.540000
26.540000
26.540000
26.540000
26.540000
26.540000
26.540000
26.540000
26.540000
26.540000
26.540000
26.540000
26.540000
26.540000
26.540000
26.540000
26.540000
26.540000
26.540000
26.540000
26.540000
26.540000
26.540000
26.540000
26.540000
26.540000
26.540000
26.540000
26.540000
26.540000
26.540000
26.540000
26.540000
26.540000
26.540000
26.540000
26.540000
26.540000
26.540000
26.540000
26.540000
26.540000
26.540000
26.540000
26.540000
26.540000
26.540000
26.540000
26.540000
26.540000
26.540000
26.540000
26.540000
26.540000
26.540000
26.540000
26.540000
26.540000
26.540000
26.540000
26.550000
26.540000
26.540000
26.540000
26.540000
26.540000
26.540000
26.540000
26.540000
26.540000
26.540000
26.540000
26.540000
26.540000
26.540000
26.540000
26.540000
26.540000
26.540000
26.540000
26.540000
26.540000
26.540000
