12.900000
12.900000
12.900000
12.910000
12.970000
13.100000
13.230000
13.350000
13.460000
13.600000
14.410000
14.540000
14.620000
14.680000
14.790000
14.920000
15.060000
15.200000
15.370000
15.560000
15.710000
15.890000
16.080000
16.250000
16.430000
16.620000
16.770000
16.930000
17.080000
17.230000
17.930000
18.090000
18.250000
18.460000
18.650000
18.870000
19.100000
19.290000
19.430000
19.590000
19.720000
19.860000
20.000000
20.120000
20.240000
20.370000
20.530000
20.650000
20.800000
20.970000
21.130000
21.800000
21.930000
22.080000
22.230000
22.370000
22.510000
22.620000
22.740000
22.880000
23.020000
23.170000
23.310000
23.470000
23.600000
23.730000
23.890000
24.040000
24.160000
24.310000
24.440000
24.570000
25.080000
25.210000
25.350000
25.480000
25.620000
25.770000
25.890000
26.030000
26.190000
26.310000
26.450000
26.570000
26.690000
26.840000
26.930000
27.060000
27.160000
27.270000
27.380000
27.490000
27.930000
28.050000
28.150000
28.240000
28.330000
28.410000
28.510000
28.630000
28.730000
28.850000
28.960000
29.060000
29.160000
29.300000
29.400000
29.500000
29.630000
29.720000
29.860000
29.980000
30.060000
30.500000
30.570000
30.700000
30.800000
30.900000
31.030000
31.100000
31.180000
31.280000
31.340000
31.410000
31.470000
31.560000
31.650000
31.670000
31.780000
31.930000
31.980000
32.020000
32.100000
32.220000
32.600000
32.700000
32.770000
32.840000
32.900000
32.980000
33.040000
33.110000
33.180000
33.240000
33.320000
33.410000
33.470000
33.530000
33.600000
33.660000
33.730000
33.810000
33.880000
33.940000
34.240000
34.300000
34.340000
34.400000
34.460000
34.520000
34.580000
34.640000
34.700000
34.740000
34.790000
34.830000
34.880000
34.910000
34.950000
35.010000
35.060000
35.110000
35.160000
35.210000
35.270000
35.490000
35.530000
35.570000
35.610000
35.660000
35.700000
35.740000
35.760000
35.800000
35.840000
35.890000
35.920000
35.930000
35.950000
36.000000
36.030000
36.050000
36.090000
36.120000
36.140000
36.320000
36.350000
36.390000
36.430000
36.450000
36.470000
36.500000
36.520000
36.520000
36.550000
36.580000
36.610000
36.620000
36.650000
36.680000
36.710000
36.730000
36.740000
36.780000
36.810000
36.850000
36.980000
36.990000
37.000000
37.030000
37.050000
37.080000
37.100000
37.120000
37.130000
37.150000
37.180000
37.220000
37.260000
37.310000
37.350000
37.370000
37.410000
37.440000
37.480000
37.490000
37.600000
37.600000
37.620000
37.650000
37.680000
37.700000
37.720000
37.750000
37.760000
37.770000
37.790000
37.800000
37.810000
37.820000
37.860000
37.900000
37.930000
37.960000
37.980000
38.020000
38.090000
38.120000
38.120000
38.130000
38.140000
38.160000
38.190000
38.210000
38.220000
38.240000
38.260000
38.280000
38.300000
38.320000
38.340000
38.360000
38.390000
38.420000
38.440000
38.460000
38.540000
38.540000
38.550000
38.560000
38.580000
38.590000
38.610000
38.610000
38.610000
38.620000
38.640000
38.660000
38.670000
38.680000
38.640000
38.610000
38.610000
38.620000
38.640000
38.650000
38.740000
38.730000
38.720000
38.730000
38.740000
38.750000
38.750000
38.730000
38.720000
38.710000
38.710000
38.710000
38.700000
38.710000
38.720000
38.740000
38.750000
38.750000
38.760000
38.770000
38.780000
38.780000
38.790000
38.770000
38.780000
38.770000
38.770000
38.760000
38.780000
38.780000
38.750000
38.740000
38.750000
38.750000
38.750000
38.760000
38.750000
38.750000
38.740000
38.730000
38.730000
38.750000
38.760000
38.760000
38.790000
38.810000
38.810000
38.820000
38.800000
38.770000
38.760000
38.750000
38.750000
38.760000
38.770000
38.780000
38.770000
38.770000
38.760000
38.750000
38.750000
38.710000
38.710000
38.700000
38.710000
38.710000
38.690000
38.700000
38.690000
38.680000
38.670000
38.670000
38.650000
38.650000
38.670000
38.670000
38.660000
38.670000
38.670000
38.670000
38.670000
38.650000
38.580000
38.570000
38.570000
38.580000
38.580000
38.580000
38.580000
38.590000
38.590000
38.580000
38.570000
38.530000
38.510000
38.510000
38.520000
38.510000
38.490000
38.490000
38.470000
38.460000
38.450000
38.480000
38.460000
38.450000
38.440000
38.430000
38.440000
38.450000
38.440000
38.420000
38.390000
38.380000
38.390000
38.390000
38.390000
38.400000
38.380000
38.360000
38.360000
38.330000
38.320000
38.240000
38.220000
38.200000
38.200000
38.180000
38.170000
38.150000
38.140000
38.140000
38.140000
38.120000
38.110000
38.110000
38.100000
38.090000
38.100000
38.070000
38.000000
37.950000
37.920000
37.920000
37.840000
37.830000
37.820000
37.780000
37.760000
37.760000
37.750000
37.740000
37.700000
37.670000
37.650000
37.640000
37.630000
37.600000
37.570000
37.530000
37.520000
37.510000
37.490000
37.460000
37.450000
37.320000
37.290000
37.250000
37.210000
37.190000
37.150000
37.130000
37.090000
37.080000
37.060000
37.030000
37.020000
37.000000
36.990000
36.980000
36.960000
36.930000
36.910000
36.860000
36.860000
36.710000
36.660000
36.600000
36.570000
36.560000
36.540000
36.490000
36.430000
36.410000
36.380000
36.310000
36.230000
36.180000
36.140000
36.120000
36.090000
36.030000
36.010000
36.000000
35.930000
35.890000
35.720000
35.670000
35.630000
35.600000
35.520000
35.480000
35.390000
35.340000
35.300000
35.250000
35.210000
35.070000
35.030000
35.010000
34.960000
34.900000
34.860000
34.790000
34.740000
34.610000
34.460000
34.140000
34.020000
33.920000
33.850000
33.720000
33.610000
33.470000
33.310000
33.160000
32.970000
32.910000
32.870000
32.810000
32.770000
32.680000
32.590000
32.480000
32.410000
32.340000
32.220000
-71.910000
-71.800000
-71.570000
-71.270000
-71.180000
-71.070000
-70.840000
-70.690000
-70.480000
-70.310000
-70.130000
-70.000000
-69.840000
-69.740000
-69.660000
-69.530000
-69.450000
-69.290000
-69.110000
-68.930000
-67.840000
-67.670000
-67.480000
-67.320000
-67.190000
-67.070000
-66.940000
-66.720000
-66.620000
-66.440000
-66.230000
-66.060000
-65.910000
-65.750000
-65.570000
-65.420000
-65.270000
-65.080000
-64.840000
-64.580000
-63.670000
-63.530000
-63.420000
-63.300000
-63.150000
-62.980000
-62.760000
-62.500000
-62.260000
-62.060000
-61.860000
-61.720000
-61.560000
-61.410000
-61.200000
-60.990000
-60.890000
-60.720000
-60.530000
-60.370000
-59.380000
-59.220000
-59.020000
-58.850000
-58.750000
-58.540000
-58.400000
-58.140000
-57.990000
-57.830000
-57.670000
-57.580000
-57.390000
-57.190000
-57.000000
-56.770000
-56.510000
-56.310000
-56.070000
-55.790000
-54.750000
-54.630000
-54.550000
-54.390000
-54.270000
-54.080000
-53.930000
-53.710000
-53.520000
-53.360000
-53.210000
-53.000000
-52.800000
-52.590000
-52.420000
-52.210000
-52.010000
-51.840000
-51.660000
-51.480000
-50.670000
-50.560000
-50.470000
-50.340000
-50.170000
-50.070000
-49.970000
-49.840000
-49.610000
-49.340000
-49.100000
-48.820000
-48.630000
-48.420000
-48.240000
-48.060000
-47.870000
-47.610000
-47.430000
-47.230000
-46.550000
-46.430000
-46.290000
-46.170000
-46.070000
-45.910000
-45.770000
-45.590000
-45.350000
-45.160000
-44.840000
-44.700000
-44.550000
-44.320000
-44.150000
-43.960000
-43.730000
-43.530000
-43.320000
-43.140000
-42.980000
-42.160000
-41.970000
-41.770000
-41.590000
-41.460000
-41.310000
-41.160000
-41.040000
-40.920000
-40.750000
-40.610000
-40.510000
-40.410000
-40.310000
-40.160000
-40.060000
-39.990000
-39.850000
-39.720000
-39.640000
-39.560000
-39.510000
-39.490000
-39.470000
-39.420000
-39.370000
-39.340000
-39.280000
-39.220000
-39.210000
-39.190000
-39.160000
-39.130000
-39.080000
-39.060000
-39.040000
-39.060000
-39.030000
-39.040000
-39.020000
-39.000000
-39.020000
-39.000000
-38.970000
-38.970000
-38.980000
-38.990000
-39.010000
-39.010000
-39.020000
-39.000000
-39.000000
-38.960000
-38.970000
-38.950000
-38.950000
-38.960000
-38.960000
-38.950000
-38.960000
-38.960000
-38.890000
-38.920000
-38.980000
-39.020000
-39.020000
-38.970000
-38.950000
-38.960000
-38.990000
-38.970000
-38.960000
-38.950000
-38.950000
-38.950000
-38.950000
-38.960000
-38.990000
-38.990000
-39.040000
-39.030000
-39.070000
-39.100000
-39.130000
-39.160000
-39.180000
-39.190000
-39.190000
-39.200000
-39.210000
-39.210000
-39.220000
-39.200000
-39.180000
-39.160000
-39.130000
-39.140000
-39.140000
-39.160000
-39.170000
-39.180000
-39.230000
-39.250000
-39.250000
-39.250000
-39.250000
-39.240000
-39.240000
-39.250000
-39.260000
-39.250000
-39.260000
-39.260000
-39.280000
-39.260000
-39.230000
-39.220000
-39.210000
-39.200000
-39.200000
-39.190000
-39.190000
-39.190000
-39.180000
-39.210000
-39.200000
-39.180000
-39.150000
-39.140000
-39.150000
-39.110000
-39.110000
-39.100000
-39.100000
-39.140000
-39.120000
-39.110000
-39.180000
-39.170000
-39.180000
-39.180000
-39.150000
-39.150000
-39.180000
-39.190000
-39.200000
-39.230000
-39.240000
-39.250000
-39.260000
-39.290000
-39.280000
-39.280000
-39.290000
-39.320000
-39.310000
-39.330000
-39.320000
-39.330000
-39.310000
-39.290000
-39.270000
-39.250000
-39.230000
-39.220000
-39.190000
-39.200000
-39.190000
-39.190000
-39.200000
-39.180000
-39.160000
-39.140000
-39.120000
-39.120000
-39.090000
-39.080000
-39.050000
-39.020000
-38.960000
-38.950000
-38.950000
-38.920000
-38.900000
-38.880000
-38.740000
-38.690000
-38.650000
-38.640000
-38.600000
-38.570000
-38.530000
-38.500000
-38.470000
-38.460000
-38.420000
-38.380000
-38.350000
-38.320000
-38.300000
-38.230000
-38.160000
-38.140000
-38.100000
-38.020000
-37.930000
-37.610000
-37.530000
-37.440000
-37.380000
-37.300000
-37.240000
-37.210000
-37.170000
-37.150000
-37.110000
-37.070000
-37.030000
-37.010000
-36.960000
-36.940000
-36.920000
-36.880000
-36.820000
-36.740000
-36.640000
-36.330000
-36.260000
-36.210000
-36.160000
-36.140000
-36.060000
-35.990000
-35.900000
-35.820000
-35.720000
-35.700000
-35.630000
-35.580000
-35.530000
-35.420000
-35.230000
-35.130000
-35.000000
-34.790000
-34.660000
-34.540000
-33.960000
-33.910000
-33.830000
-33.690000
-33.700000
-33.650000
-33.670000
-33.620000
-33.600000
-33.520000
-33.460000
-33.460000
-33.380000
-33.250000
-33.140000
-33.050000
-32.950000
-32.830000
-32.630000
-32.540000
-32.500000
-32.240000
-32.110000
-32.010000
-31.900000
-31.820000
-31.750000
-31.690000
-31.600000
-31.530000
-31.420000
-31.320000
-31.180000
-31.060000
-30.950000
-30.860000
-30.760000
-30.660000
-30.560000
-30.470000
-30.360000
-29.820000
-29.700000
-29.560000
-29.460000
-29.340000
-29.260000
-29.150000
-29.000000
-28.870000
-28.760000
-28.640000
-28.600000
-28.480000
-28.330000
-28.180000
-28.030000
-27.900000
-27.690000
-27.560000
-27.420000
-26.780000
-26.660000
-26.580000
-26.480000
-26.350000
-26.240000
-26.130000
-25.990000
-25.870000
-25.720000
-25.600000
-25.510000
-25.340000
-25.170000
-25.000000
-24.820000
-24.720000
-24.580000
-24.430000
-24.290000
-23.570000
-23.440000
-23.320000
-23.180000
-23.070000
-22.950000
-22.810000
-22.700000
-22.600000
-22.480000
-22.380000
-22.220000
-22.050000
-21.900000
-21.770000
-21.650000
-21.520000
-21.340000
-21.190000
-21.000000
-20.310000
-20.170000
-20.000000
-19.840000
-19.700000
-19.550000
-19.430000
-19.260000
-19.140000
-19.010000
-18.890000
-18.780000
-18.640000
-18.520000
-18.380000
-18.240000
-18.130000
-18.000000
-17.860000
-17.690000
-16.920000
-16.800000
-16.660000
-16.510000
-16.360000
-16.240000
-16.100000
-15.950000
-15.840000
-15.680000
-15.540000
-15.390000
-15.260000
-15.130000
-15.000000
-14.880000
-14.760000
-14.620000
-14.490000
-14.340000
-14.230000
-13.710000
-13.570000
-13.420000
-13.290000
-13.190000
-13.060000
-12.940000
-12.810000
-12.700000
-12.570000
-12.440000
-12.310000
-12.140000
-11.980000
-11.850000
-11.730000
-11.580000
-11.430000
-11.240000
-11.080000
-10.920000
-10.290000
-10.150000
-10.000000
-9.890000
-9.750000
-9.610000
-9.470000
-9.300000
-9.180000
-9.060000
-8.910000
-8.780000
-8.620000
-8.480000
-8.330000
-8.180000
-8.060000
-7.940000
-7.810000
-7.670000
-7.510000
-6.960000
-6.860000
-6.710000
-6.580000
-6.420000
-6.310000
-6.160000
-6.020000
-5.910000
-5.760000
-5.620000
-5.460000
-5.340000
-5.200000
-5.090000
-4.960000
-4.820000
-4.710000
-4.580000
-4.440000
-4.320000
-3.730000
-3.580000
-3.420000
-3.240000
-3.070000
-2.930000
-2.780000
-2.620000
-2.490000
-2.310000
-2.160000
-2.030000
-1.890000
-1.750000
-1.570000
-1.440000
-1.300000
-1.180000
-1.060000
-0.950000
-0.830000
-0.290000
-0.160000
-0.020000
0.130000
0.280000
0.430000
0.580000
0.740000
0.870000
1.020000
1.190000
1.350000
1.500000
1.630000
1.760000
1.890000
2.020000
2.140000
2.270000
2.380000
2.480000
2.960000
3.070000
3.170000
3.260000
3.390000
3.490000
3.610000
3.750000
3.890000
4.030000
4.160000
4.300000
4.440000
4.580000
4.730000
4.900000
5.090000
5.230000
5.380000
5.520000
5.660000
6.250000
6.410000
6.550000
6.670000
6.780000
6.910000
7.050000
7.160000
7.250000
7.390000
7.520000
7.660000
7.780000
7.910000
8.060000
8.200000
8.370000
8.540000
8.730000
8.940000
9.080000
9.750000
9.870000
10.010000
10.150000
10.290000
10.480000
10.610000
10.780000
10.920000
11.100000
11.270000
11.400000
11.550000
11.710000
11.830000
11.950000
12.080000
12.210000
12.300000
12.370000
12.480000
12.960000
13.090000
13.240000
13.380000
13.530000
13.650000
13.800000
13.960000
14.080000
14.250000
14.390000
14.520000
14.650000
14.790000
14.910000
15.010000
15.120000
15.280000
15.420000
15.570000
15.720000
16.190000
16.330000
16.440000
16.550000
16.670000
16.770000
16.900000
17.040000
17.140000
17.210000
17.310000
17.440000
17.540000
17.660000
19.320000
19.560000
19.650000
19.700000
19.780000
19.860000
19.940000
20.040000
20.150000
20.190000
20.290000
20.410000
20.520000
20.630000
20.750000
20.840000
20.960000
21.070000
21.150000
21.220000
21.290000
21.640000
21.700000
21.780000
21.860000
21.920000
22.040000
22.160000
22.250000
22.380000
22.470000
22.550000
22.650000
22.750000
22.870000
22.960000
23.030000
23.090000
23.130000
23.190000
23.250000
23.290000
22.910000
22.410000
22.310000
22.180000
21.810000
21.400000
21.430000
21.530000
21.690000
21.830000
21.960000
22.130000
22.270000
22.410000
22.550000
22.680000
22.810000
22.940000
23.060000
23.180000
23.810000
23.900000
24.020000
24.150000
24.260000
24.370000
24.510000
24.600000
24.730000
24.850000
24.980000
25.130000
25.250000
25.380000
25.500000
25.620000
25.750000
25.850000
25.970000
26.080000
26.230000
26.710000
26.810000
26.940000
27.060000
27.180000
27.290000
27.380000
27.490000
27.570000
27.680000
27.790000
27.890000
28.010000
28.110000
28.230000
28.330000
28.430000
28.520000
28.630000
28.760000
28.860000
29.260000
29.330000
29.430000
29.500000
29.600000
29.710000
29.800000
29.890000
29.980000
30.050000
30.150000
30.240000
30.310000
30.430000
30.520000
30.610000
30.700000
30.770000
30.870000
30.970000
31.030000
31.390000
31.450000
31.540000
31.630000
31.710000
31.800000
31.870000
31.940000
32.020000
32.090000
32.150000
32.230000
32.310000
32.390000
32.490000
32.550000
32.640000
32.690000
32.780000
32.860000
32.920000
33.240000
33.300000
33.370000
33.450000
33.530000
33.600000
33.680000
33.740000
33.830000
33.890000
33.920000
34.000000
34.070000
34.110000
34.180000
34.240000
34.300000
34.370000
34.440000
34.480000
34.550000
34.780000
34.820000
34.860000
34.910000
34.970000
35.020000
35.070000
35.090000
35.140000
35.190000
35.230000
35.280000
35.340000
35.400000
35.440000
35.470000
35.510000
35.520000
35.580000
35.630000
35.660000
35.850000
35.880000
35.900000
35.930000
35.960000
35.980000
36.000000
36.020000
36.050000
36.080000
36.110000
36.140000
36.160000
36.200000
36.220000
36.250000
36.280000
36.320000
36.380000
36.370000
36.410000
36.540000
36.560000
36.620000
36.650000
36.690000
36.720000
36.760000
36.780000
36.800000
36.850000
36.890000
36.910000
36.930000
36.960000
36.990000
37.020000
37.040000
37.060000
37.080000
37.090000
37.100000
37.230000
37.270000
37.270000
37.330000
37.350000
37.360000
37.370000
37.400000
37.430000
37.470000
37.480000
37.470000
37.490000
37.520000
37.540000
37.570000
37.580000
37.570000
37.590000
37.570000
37.580000
37.690000
37.700000
37.720000
37.730000
37.730000
37.740000
37.750000
37.770000
37.790000
37.830000
37.870000
37.890000
37.920000
37.940000
37.970000
37.980000
37.970000
37.970000
37.970000
37.980000
38.010000
38.070000
38.080000
38.110000
38.130000
38.150000
38.150000
38.160000
38.170000
38.180000
38.210000
38.220000
38.230000
38.220000
38.250000
38.270000
38.290000
38.290000
38.280000
38.270000
38.280000
38.280000
38.320000
38.320000
38.310000
38.310000
38.310000
38.330000
38.350000
38.370000
38.390000
38.410000
38.450000
38.480000
38.480000
38.490000
38.490000
38.500000
38.520000
38.520000
38.500000
38.500000
38.490000
38.520000
38.540000
38.550000
38.560000
38.580000
38.610000
38.600000
38.610000
38.640000
38.630000
38.640000
38.630000
38.630000
38.640000
38.630000
38.610000
38.610000
38.620000
38.630000
38.630000
38.680000
38.680000
38.670000
38.630000
38.640000
38.630000
38.630000
38.650000
38.620000
38.620000
38.620000
38.610000
38.640000
38.660000
38.660000
38.680000
38.670000
38.690000
38.680000
38.690000
38.710000
38.670000
38.680000
38.710000
38.710000
38.700000
38.700000
38.680000
38.680000
38.660000
38.690000
38.710000
38.680000
38.690000
38.680000
38.670000
38.630000
38.630000
38.640000
38.630000
38.650000
38.660000
38.660000
38.640000
38.630000
38.650000
38.630000
38.640000
38.630000
38.650000
38.650000
38.630000
38.630000
38.610000
38.590000
38.590000
38.570000
38.590000
38.590000
38.590000
38.580000
38.600000
38.600000
38.580000
38.580000
38.600000
38.600000
38.600000
38.570000
38.550000
38.560000
38.550000
38.570000
38.570000
38.580000
38.590000
38.570000
38.560000
38.540000
38.520000
38.510000
38.510000
38.500000
38.510000
38.470000
38.430000
38.440000
38.440000
38.410000
38.410000
38.370000
38.370000
38.360000
38.340000
38.340000
38.350000
38.350000
38.340000
38.360000
38.360000
38.330000
38.330000
38.320000
38.280000
38.270000
38.160000
38.170000
38.140000
38.110000
38.110000
38.070000
38.060000
38.060000
38.050000
38.060000
38.060000
38.040000
37.990000
37.940000
37.940000
37.910000
37.860000
37.820000
37.810000
37.810000
37.800000
37.740000
37.760000
37.760000
37.750000
37.730000
37.670000
37.610000
37.590000
37.570000
37.580000
37.560000
37.530000
37.480000
37.460000
37.430000
37.360000
37.320000
37.260000
37.250000
37.220000
37.200000
37.010000
36.990000
36.960000
36.930000
36.880000
36.900000
36.870000
36.840000
36.790000
36.720000
36.690000
36.650000
36.620000
36.590000
36.540000
36.480000
36.460000
36.440000
36.410000
36.360000
36.310000
36.140000
36.100000
36.050000
36.030000
36.010000
35.970000
35.950000
35.930000
35.910000
35.890000
35.830000
35.790000
35.740000
35.730000
35.680000
35.630000
35.600000
35.570000
35.560000
35.510000
35.300000
35.240000
35.190000
35.120000
35.040000
34.990000
34.910000
34.860000
34.790000
34.720000
34.660000
34.600000
34.520000
34.460000
34.410000
34.350000
34.290000
34.240000
34.190000
34.140000
34.040000
33.710000
33.630000
33.520000
33.400000
33.270000
33.150000
33.030000
32.870000
32.730000
32.600000
32.410000
32.220000
32.180000
32.130000
32.070000
31.980000
29.070000
24.410000
24.520000
24.640000
24.750000
25.220000
25.320000
25.420000
25.520000
25.590000
25.690000
25.760000
25.840000
25.910000
25.970000
26.030000
26.070000
26.090000
26.140000
26.160000
26.180000
26.180000
26.190000
26.190000
26.200000
26.200000
26.210000
26.200000
26.210000
26.210000
26.220000
26.210000
26.210000
26.220000
26.220000
26.220000
26.220000
26.220000
26.220000
26.230000
26.230000
26.230000
26.230000
26.230000
26.240000
26.240000
26.240000
26.250000
26.250000
26.250000
26.250000
26.250000
26.250000
26.250000
26.250000
26.260000
26.260000
26.260000
26.260000
26.260000
26.260000
26.270000
26.270000
26.270000
26.270000
26.270000
26.270000
26.280000
26.270000
26.280000
26.280000
26.280000
26.280000
26.280000
26.280000
26.280000
26.280000
26.280000
26.280000
26.280000
26.280000
26.280000
26.280000
26.280000
26.280000
26.280000
26.280000
26.280000
26.280000
26.280000
26.280000
26.280000
26.280000
26.280000
26.280000
26.280000
26.280000
26.280000
26.280000
26.280000
26.280000
26.280000
26.280000
26.280000
26.280000
26.280000
26.280000
26.280000
26.280000
26.280000
26.280000
26.280000
26.280000
26.280000
26.280000
26.280000
26.280000
26.280000
26.280000
26.280000
26.280000
26.280000
26.280000
26.280000
26.280000
26.280000
26.280000
26.280000
26.280000
26.280000
26.280000
26.280000
26.280000
26.280000
26.280000
26.280000
26.280000
26.280000
26.280000
26.280000
26.280000
26.280000
26.280000
26.280000
26.280000
26.280000
26.280000
26.280000
26.280000
26.280000
26.280000
26.270000
26.280000
26.270000
26.280000
26.280000
26.280000
26.280000
26.280000
26.280000
26.280000
26.280000
26.280000
26.280000
26.280000
26.280000
26.280000
26.280000
26.280000
26.280000
26.280000
26.280000
26.280000
26.280000
26.280000
26.280000
26.280000
26.280000
26.280000
26.280000
26.280000
26.280000
26.280000
26.280000
26.280000
26.280000
26.280000
26.280000
26.280000
26.280000
26.280000
26.280000
26.280000
26.280000
26.280000
26.280000
26.280000
26.280000
26.280000
26.280000
26.280000
26.280000
26.280000
26.270000
26.280000
26.280000
26.280000
26.280000
26.280000
26.280000
26.280000
26.280000
26.280000
26.280000
26.280000
26.280000
26.270000
26.280000
26.280000
26.280000
26.280000
26.280000
26.280000
26.280000
26.280000
26.280000
26.270000
26.280000
26.280000
26.280000
26.280000
26.280000
26.280000
26.280000
26.280000
26.280000
26.280000
26.280000
26.280000
26.280000
26.280000
26.270000
26.270000
26.280000
26.280000
26.270000
26.280000
26.280000
26.280000
26.280000
26.280000
26.280000
26.280000
26.280000
26.270000
26.280000
26.280000
26.280000
26.280000
26.270000
26.280000
26.270000
26.280000
26.280000
26.280000
26.280000
26.280000
26.280000
26.280000
26.280000
26.280000
26.280000
26.280000
26.280000
26.280000
26.280000
26.280000
26.280000
26.280000
26.280000
26.280000
26.280000
26.280000
26.280000
26.280000
26.280000
26.270000
26.280000
26.280000
26.280000
26.280000
26.280000
26.280000
26.280000
26.280000
26.280000
26.280000
26.280000
26.280000
26.280000
26.280000
26.280000
26.280000
26.280000
26.270000
26.280000
26.280000
26.280000
26.280000
26.280000
26.280000
26.280000
26.280000
26.280000
26.280000
26.280000
26.280000
26.280000
26.280000
26.270000
26.280000
26.280000
26.280000
26.280000
26.280000
26.280000
26.270000
26.280000
26.280000
26.280000
26.270000
26.280000
26.280000
26.280000
26.280000
26.280000
26.280000
26.280000
26.280000
26.280000
26.270000
26.280000
26.280000
26.280000
26.280000
26.280000
26.280000
26.270000
26.280000
26.280000
26.270000
26.270000
26.280000
26.280000
26.280000
26.280000
26.270000
26.280000
26.280000
26.280000
26.280000
26.280000
26.280000
26.280000
26.280000
26.280000
26.270000
26.280000
26.280000
26.280000
26.270000
26.270000
26.280000
26.280000
26.270000
26.280000
26.280000
26.280000
26.280000
26.280000
26.280000
26.280000
26.280000
26.280000
26.280000
26.270000
26.280000
26.280000
26.280000
26.280000
26.280000
26.280000
26.280000
26.280000
26.280000
26.280000
26.280000
26.280000
26.280000
26.280000
26.280000
26.280000
26.280000
26.280000
26.280000
26.270000
26.280000
26.280000
26.280000
26.280000
26.280000
26.280000
26.280000
26.280000
26.280000
26.280000
26.270000
26.280000
26.280000
26.270000
26.270000
26.270000
26.270000
26.270000
26.280000
26.270000
26.280000
26.280000
26.280000
26.280000
26.280000
26.280000
26.280000
26.280000
26.280000
26.280000
26.270000
26.270000
26.270000
26.270000
26.270000
26.270000
26.270000
26.280000
26.280000
26.280000
26.280000
26.280000
26.280000
26.280000
26.270000
26.280000
26.280000
26.280000
26.280000
26.280000
26.280000
26.280000
26.280000
26.280000
26.280000
26.270000
26.280000
26.280000
26.280000
26.270000
26.270000
26.270000
26.270000
26.280000
26.280000
26.280000
26.280000
26.280000
26.280000
26.270000
26.270000
26.280000
26.280000
26.270000
26.280000
26.280000
26.270000
26.280000
26.280000
26.280000
26.280000
26.280000
26.280000
26.280000
26.280000
26.270000
26.280000
26.270000
26.270000
26.280000
26.280000
26.280000
26.280000
26.280000
26.280000
26.280000
26.280000
26.280000
26.280000
26.280000
26.280000
26.280000
26.280000
26.280000
26.280000
26.280000
26.280000
26.280000
26.280000
26.270000
26.270000
26.270000
26.280000
26.270000
26.270000
26.270000
26.270000
26.270000
26.280000
26.270000
26.280000
26.280000
26.280000
26.270000
26.280000
26.280000
26.270000
26.280000
26.280000
26.270000
26.280000
26.280000
26.280000
26.280000
26.280000
26.280000
26.280000
26.270000
26.280000
26.270000
26.280000
26.280000
26.280000
26.280000
26.270000
26.270000
26.280000
26.280000
26.270000
26.280000
26.280000
26.280000
26.280000
26.280000
26.280000
26.280000
26.280000
26.280000
26.280000
26.280000
26.270000
26.280000
26.280000
26.280000
26.280000
26.280000
26.280000
26.280000
26.270000
26.280000
26.270000
26.280000
26.280000
26.280000
26.280000
26.280000
26.280000
26.280000
26.280000
26.280000
26.280000
26.280000
26.280000
26.280000
26.270000
26.280000
26.280000
26.280000
26.270000
26.270000
26.270000
26.280000
26.280000
26.270000
26.270000
26.270000
26.280000
26.270000
26.280000
26.270000
26.270000
26.270000
26.270000
26.270000
26.280000
26.280000
26.280000
26.280000
26.280000
26.280000
26.280000
26.280000
26.280000
26.270000
26.280000
26.280000
26.280000
26.280000
26.280000
26.280000
26.280000
26.280000
26.280000
26.280000
26.280000
26.280000
26.280000
26.270000
26.280000
26.280000
26.280000
26.280000
26.280000
26.280000
26.280000
26.280000
26.280000
26.280000
26.280000
26.280000
26.280000
26.280000
26.280000
26.280000
26.280000
26.280000
26.280000
26.280000
26.280000
26.280000
26.280000
26.280000
26.270000
26.280000
26.280000
26.280000
26.280000
26.270000
26.280000
26.280000
26.280000
26.280000
26.280000
26.280000
26.280000
26.270000
26.280000
26.280000
26.280000
26.270000
26.270000
26.280000
26.280000
26.270000
26.270000
26.270000
26.280000
26.280000
26.270000
26.270000
26.270000
26.270000
26.270000
26.270000
26.280000
26.270000
26.280000
26.270000
26.270000
26.280000
26.280000
26.270000
26.280000
26.280000
26.280000
26.280000
26.280000
26.280000
26.270000
26.270000
26.270000
26.280000
26.280000
26.280000
26.280000
26.270000
26.270000
26.270000
26.280000
26.280000
26.280000
26.270000
