36.000000
36.000000
36.000000
36.000000
36.020000
36.050000
36.080000
36.100000
36.120000
36.140000
36.170000
36.190000
36.220000
36.240000
36.240000
36.250000
36.290000
36.310000
36.350000
36.370000
36.410000
36.420000
36.440000
36.460000
36.500000
36.540000
36.570000
36.570000
36.600000
36.660000
36.690000
36.700000
36.730000
36.760000
36.780000
36.800000
36.830000
36.850000
36.850000
36.870000
36.910000
36.940000
36.960000
36.980000
37.010000
37.040000
37.060000
37.090000
37.110000
37.140000
37.150000
37.170000
37.200000
37.240000
37.260000
37.270000
37.290000
37.310000
37.350000
37.360000
37.390000
37.430000
37.440000
37.460000
37.490000
37.520000
37.520000
37.540000
37.560000
37.590000
37.630000
37.650000
37.690000
37.700000
37.690000
37.690000
37.690000
37.710000
37.740000
37.760000
37.780000
37.800000
37.820000
37.830000
37.820000
37.850000
37.910000
37.940000
37.960000
37.990000
38.020000
38.040000
38.060000
38.070000
38.070000
38.080000
38.090000
38.100000
38.120000
38.120000
38.140000
38.150000
38.170000
38.190000
38.210000
38.230000
38.250000
38.250000
38.260000
38.270000
38.280000
38.280000
38.300000
38.310000
38.330000
38.340000
38.360000
38.370000
38.380000
38.410000
38.440000
38.470000
38.490000
38.510000
38.520000
38.510000
38.520000
38.540000
38.560000
38.590000
38.600000
38.600000
38.610000
38.620000
38.630000
38.660000
38.660000
38.660000
38.670000
38.670000
38.640000
38.630000
38.650000
38.680000
38.680000
38.700000
38.720000
38.750000
38.770000
38.790000
38.800000
38.800000
38.780000
38.760000
38.750000
38.740000
38.730000
38.720000
38.720000
38.730000
38.740000
38.750000
38.770000
38.780000
38.790000
38.790000
38.770000
38.780000
38.800000
38.820000
38.790000
38.790000
38.780000
38.790000
38.790000
38.760000
38.740000
38.750000
38.790000
38.800000
38.810000
38.800000
38.790000
38.790000
38.790000
38.800000
38.770000
38.760000
38.770000
38.770000
38.780000
38.790000
38.780000
38.750000
38.740000
38.710000
38.710000
38.720000
38.720000
38.710000
38.710000
38.680000
38.660000
38.670000
38.660000
38.670000
38.650000
38.650000
38.630000
38.640000
38.620000
38.600000
38.580000
38.550000
38.550000
38.540000
38.520000
38.530000
38.520000
38.500000
38.510000
38.510000
38.500000
38.500000
38.490000
38.470000
38.450000
38.460000
38.440000
38.440000
38.450000
38.440000
38.450000
38.450000
38.460000
38.450000
38.470000
38.450000
38.440000
38.430000
38.410000
38.410000
38.390000
38.380000
38.380000
38.360000
38.340000
38.330000
38.320000
38.330000
38.320000
38.310000
38.310000
38.280000
38.270000
38.270000
38.270000
38.270000
38.260000
38.240000
38.220000
38.220000
38.240000
38.250000
38.250000
38.220000
38.190000
38.200000
38.200000
38.190000
38.170000
38.120000
38.090000
38.080000
38.080000
38.080000
38.080000
38.060000
38.030000
38.030000
38.000000
37.990000
37.970000
37.950000
37.930000
37.910000
37.880000
37.830000
37.820000
37.820000
37.800000
37.790000
37.780000
37.780000
37.780000
37.770000
37.760000
37.760000
37.750000
37.730000
37.710000
37.670000
37.630000
37.610000
37.590000
37.570000
37.560000
37.560000
37.540000
37.510000
37.470000
37.440000
37.410000
37.400000
37.360000
37.340000
37.320000
37.320000
37.290000
37.260000
37.270000
37.240000
37.220000
37.210000
37.180000
37.150000
37.110000
37.080000
37.040000
37.040000
37.000000
36.960000
36.930000
36.920000
36.900000
36.840000
36.770000
36.710000
36.700000
36.680000
36.660000
36.630000
36.590000
36.560000
36.520000
36.470000
36.460000
36.440000
36.410000
36.330000
36.260000
36.200000
36.160000
36.120000
36.080000
36.030000
36.020000
36.010000
35.960000
35.920000
35.870000
35.820000
35.770000
35.750000
35.700000
35.630000
35.600000
35.570000
35.510000
35.480000
35.410000
35.370000
35.340000
35.290000
35.250000
35.200000
35.160000
35.090000
35.020000
34.960000
34.890000
34.830000
34.800000
34.690000
34.590000
34.540000
34.510000
34.470000
34.390000
34.320000
34.240000
34.180000
34.120000
34.040000
33.960000
33.850000
33.730000
33.630000
33.480000
33.320000
33.180000
33.070000
32.920000
32.730000
32.560000
32.480000
32.390000
32.300000
32.240000
32.140000
32.050000
-12.890000
-57.550000
-57.380000
-57.230000
-56.980000
-56.780000
-56.590000
-56.390000
-56.260000
-56.100000
-55.940000
-55.850000
-55.680000
-55.550000
-55.410000
-55.240000
-55.060000
-54.870000
-54.670000
-54.450000
-54.320000
-54.160000
-54.010000
-53.810000
-53.650000
-53.430000
-53.270000
-53.070000
-52.920000
-52.770000
-52.640000
-52.480000
-52.260000
-51.990000
-51.840000
-51.670000
-51.460000
-51.320000
-51.180000
-50.970000
-50.800000
-50.590000
-50.370000
-50.240000
-50.090000
-49.920000
-49.770000
-49.580000
-49.360000
-49.100000
-48.900000
-48.720000
-48.510000
-48.340000
-48.140000
-47.930000
-47.670000
-47.470000
-47.310000
-47.150000
-47.020000
-46.800000
-46.620000
-46.410000
-45.970000
-45.830000
-45.690000
-45.570000
-45.400000
-45.250000
-45.110000
-44.910000
-44.750000
-44.610000
-44.470000
-44.290000
-44.070000
-43.900000
-43.700000
-43.490000
-43.330000
-43.160000
-42.990000
-42.800000
-42.600000
-42.420000
-42.230000
-42.110000
-41.980000
-41.840000
-41.640000
-41.420000
-41.230000
-41.020000
-40.840000
-40.650000
-40.490000
-40.290000
-40.130000
-39.860000
-39.700000
-39.530000
-39.360000
-39.160000
-38.940000
-38.740000
-38.530000
-38.390000
-38.210000
-38.030000
-37.860000
-37.680000
-37.550000
-37.380000
-37.190000
-37.020000
-36.830000
-36.660000
-36.520000
-36.390000
-36.280000
-36.140000
-36.010000
-35.850000
-35.650000
-35.380000
-35.110000
-34.830000
-34.630000
-34.340000
-34.070000
-33.910000
-33.730000
-33.520000
-33.340000
-33.140000
-32.980000
-32.830000
-32.620000
-32.430000
-32.260000
-32.060000
-31.880000
-31.690000
-31.540000
-31.400000
-31.210000
-31.030000
-30.840000
-30.640000
-30.470000
-30.290000
-30.140000
-29.970000
-29.800000
-29.620000
-29.470000
-29.280000
-29.140000
-28.950000
-28.770000
-28.620000
-28.460000
-28.290000
-28.140000
-27.930000
-27.730000
-27.520000
-27.330000
-27.140000
-26.980000
-26.790000
-26.620000
-26.470000
-26.260000
-26.100000
-25.890000
-25.710000
-25.530000
-25.320000
-25.160000
-24.980000
-24.810000
-24.610000
-24.410000
-24.240000
-24.080000
-23.920000
-23.720000
-23.510000
-23.330000
-23.170000
-23.020000
-22.850000
-22.640000
-22.470000
-22.330000
-22.170000
-22.020000
-21.850000
-21.660000
-21.450000
-21.260000
-21.100000
-20.890000
-20.700000
-20.500000
-20.310000
-20.150000
-19.910000
-19.690000
-19.500000
-19.330000
-19.170000
-18.950000
-18.840000
-18.650000
-18.480000
-18.320000
-18.160000
-17.960000
-17.800000
-17.580000
-17.410000
-17.210000
-16.990000
-16.820000
-16.640000
-16.410000
-16.230000
-16.070000
-15.900000
-15.780000
-15.610000
-15.370000
-15.230000
-15.050000
-14.850000
-14.620000
-14.420000
-14.240000
-14.050000
-13.860000
-13.670000
-13.500000
-13.380000
-13.210000
-13.000000
-12.820000
-12.670000
-12.520000
-12.360000
-12.190000
-12.000000
-11.870000
-11.700000
-11.510000
-11.290000
-11.110000
-10.910000
-10.690000
-10.480000
-10.260000
-10.110000
-9.950000
-9.790000
-9.610000
-9.440000
-9.270000
-9.060000
-8.880000
-8.670000
-327.670000
-327.670000
-327.670000
-8.080000
-7.740000
-7.510000
-7.300000
-7.120000
-6.960000
-6.720000
-6.540000
-6.330000
-6.170000
-6.020000
-5.830000
-5.660000
-5.530000
-5.380000
-5.200000
-4.980000
-4.770000
-4.570000
-4.320000
-4.160000
-3.990000
-3.810000
-3.640000
-3.450000
-3.340000
-3.180000
-3.060000
-2.940000
-2.790000
-2.660000
-2.530000
-2.370000
-2.240000
-2.090000
-1.930000
-1.780000
-1.650000
-1.460000
-1.330000
-1.130000
-0.980000
-0.840000
-0.690000
-0.560000
-0.400000
-0.220000
-0.080000
0.060000
0.190000
0.350000
0.470000
0.570000
0.710000
0.840000
0.990000
1.100000
1.240000
1.380000
1.530000
1.660000
1.800000
1.940000
2.080000
2.220000
2.390000
2.570000
2.730000
2.860000
3.030000
3.160000
3.320000
3.470000
3.600000
3.770000
3.930000
4.060000
4.200000
4.370000
4.510000
4.650000
4.780000
4.920000
5.100000
5.270000
5.420000
5.540000
5.670000
5.800000
5.930000
6.070000
6.200000
6.320000
6.420000
6.530000
6.640000
6.780000
6.930000
7.110000
7.290000
7.450000
7.600000
7.780000
7.940000
8.110000
8.260000
8.440000
8.560000
8.690000
8.840000
8.980000
9.110000
9.230000
9.370000
9.490000
9.620000
9.750000
9.890000
10.070000
10.210000
10.350000
10.560000
10.680000
10.860000
11.000000
11.160000
11.310000
11.430000
11.590000
11.740000
11.860000
11.990000
12.160000
12.300000
12.420000
12.570000
12.690000
12.810000
12.920000
13.070000
13.180000
13.300000
13.450000
13.590000
13.710000
13.890000
14.030000
14.160000
14.340000
14.500000
14.640000
14.800000
14.980000
15.120000
15.270000
15.420000
15.570000
15.710000
15.870000
15.980000
16.140000
16.250000
16.380000
16.490000
16.650000
16.810000
16.970000
17.100000
17.220000
17.380000
17.520000
17.660000
17.800000
17.940000
18.110000
18.230000
18.350000
18.490000
18.600000
18.750000
18.890000
18.990000
19.100000
19.210000
19.350000
19.480000
19.640000
19.800000
19.950000
20.070000
20.220000
20.370000
20.530000
20.640000
20.770000
20.880000
21.010000
21.140000
21.260000
21.370000
21.490000
21.620000
21.790000
21.940000
22.120000
22.280000
22.450000
22.580000
22.730000
22.880000
23.020000
23.170000
23.320000
23.450000
23.600000
23.730000
23.850000
23.990000
24.100000
24.260000
24.380000
24.550000
24.660000
24.810000
24.960000
25.080000
25.210000
25.310000
25.460000
25.560000
25.670000
25.760000
25.850000
25.940000
26.040000
26.140000
26.220000
26.310000
26.420000
26.520000
26.630000
26.730000
26.820000
26.930000
27.030000
27.140000
27.260000
27.360000
27.460000
27.570000
27.680000
27.780000
27.880000
27.990000
28.070000
28.170000
28.250000
28.340000
28.420000
28.510000
28.610000
28.700000
28.800000
28.880000
28.970000
29.060000
29.160000
29.250000
29.340000
29.420000
29.500000
29.590000
29.690000
29.780000
29.870000
29.970000
30.060000
30.130000
30.220000
30.290000
30.360000
30.450000
30.520000
30.590000
30.660000
30.750000
30.810000
30.880000
30.980000
31.040000
31.100000
31.160000
31.220000
31.250000
31.290000
31.340000
31.380000
31.430000
31.490000
31.560000
31.620000
31.690000
31.750000
31.800000
31.860000
31.950000
32.010000
32.080000
32.170000
32.230000
32.300000
32.360000
32.410000
32.480000
32.540000
32.610000
32.660000
32.730000
32.810000
32.870000
32.910000
32.960000
33.030000
33.090000
33.150000
33.230000
33.270000
33.320000
33.390000
33.450000
33.500000
33.550000
33.620000
33.650000
33.680000
33.720000
33.770000
33.810000
33.830000
33.890000
33.950000
34.010000
34.060000
34.120000
34.190000
34.250000
34.330000
34.420000
34.500000
34.560000
34.630000
34.680000
34.730000
34.740000
34.750000
34.750000
34.740000
34.730000
34.750000
34.770000
34.800000
34.850000
34.880000
34.920000
34.960000
35.000000
35.040000
35.080000
35.090000
35.120000
35.150000
35.190000
35.220000
35.240000
35.270000
35.300000
35.330000
35.370000
35.420000
35.440000
35.480000
35.520000
35.570000
35.620000
35.640000
35.670000
35.670000
35.690000
35.740000
35.780000
35.830000
35.870000
35.910000
35.930000
35.940000
35.940000
35.960000
35.970000
35.970000
36.010000
36.030000
36.060000
36.100000
36.140000
36.170000
36.230000
36.270000
36.310000
36.340000
36.370000
36.380000
36.380000
36.400000
36.420000
36.460000
36.470000
36.490000
36.500000
36.500000
36.530000
36.550000
36.500000
36.500000
36.540000
36.570000
36.590000
36.640000
36.690000
36.730000
36.790000
36.810000
36.860000
36.860000
36.880000
36.920000
36.920000
36.940000
36.930000
36.940000
36.960000
36.970000
37.000000
37.040000
37.070000
37.090000
37.110000
37.130000
37.140000
37.160000
37.190000
37.220000
37.240000
37.280000
37.320000
37.350000
37.400000
37.390000
37.390000
37.410000
37.440000
37.460000
37.490000
37.520000
37.500000
37.520000
37.550000
37.540000
37.540000
37.550000
37.520000
37.550000
37.560000
37.570000
37.590000
37.600000
37.630000
37.620000
37.630000
37.660000
37.680000
37.700000
37.700000
37.710000
37.700000
37.700000
37.720000
37.730000
37.750000
37.740000
37.740000
37.710000
37.720000
37.750000
37.770000
37.790000
37.830000
37.850000
37.870000
37.880000
37.890000
37.890000
37.900000
37.900000
37.910000
37.930000
37.960000
37.980000
38.020000
38.040000
38.060000
38.070000
38.100000
38.100000
38.100000
38.110000
38.110000
38.130000
38.150000
38.140000
38.140000
38.130000
38.150000
38.160000
38.160000
38.160000
38.160000
38.160000
38.180000
38.170000
38.170000
38.180000
38.180000
38.180000
38.160000
38.160000
38.150000
38.150000
38.150000
38.150000
38.180000
38.190000
38.230000
38.240000
38.250000
38.250000
38.260000
38.280000
38.300000
38.300000
38.320000
38.330000
38.360000
38.370000
38.380000
38.370000
38.370000
38.350000
38.360000
38.350000
38.330000
38.320000
38.310000
38.330000
38.320000
38.330000
38.350000
38.370000
38.380000
38.400000
38.430000
38.440000
38.430000
38.440000
38.420000
38.410000
38.420000
38.450000
38.460000
38.470000
38.470000
38.440000
38.440000
38.470000
38.490000
38.490000
38.480000
38.450000
38.430000
38.430000
38.430000
38.430000
38.450000
38.450000
38.440000
38.440000
38.450000
38.430000
38.420000
38.410000
38.430000
38.440000
38.470000
38.470000
38.490000
38.500000
38.530000
38.530000
38.500000
38.510000
38.510000
38.520000
38.530000
38.520000
38.510000
38.490000
38.450000
38.430000
38.420000
38.400000
38.410000
38.400000
38.420000
38.440000
38.450000
38.460000
38.470000
38.470000
38.480000
38.480000
38.460000
38.420000
38.410000
38.400000
38.380000
38.370000
38.380000
38.410000
38.420000
38.410000
38.390000
38.400000
38.390000
38.390000
38.390000
38.360000
38.340000
38.310000
38.280000
38.250000
38.250000
38.260000
38.250000
38.240000
38.240000
38.250000
38.230000
38.210000
38.160000
38.110000
38.090000
38.090000
38.110000
38.120000
38.140000
38.130000
38.110000
38.080000
38.080000
38.070000
38.060000
38.060000
38.050000
38.050000
38.060000
38.060000
38.060000
38.070000
38.080000
38.070000
38.070000
38.060000
38.060000
38.070000
38.060000
38.050000
38.040000
38.020000
37.990000
37.960000
37.940000
37.940000
37.930000
37.910000
37.890000
37.870000
37.830000
37.800000
37.780000
37.720000
37.670000
37.650000
37.630000
37.630000
37.620000
37.610000
37.570000
37.560000
37.530000
37.490000
37.460000
37.450000
37.420000
37.410000
37.390000
37.370000
37.320000
37.270000
37.200000
37.150000
37.130000
37.120000
37.100000
37.070000
37.060000
37.020000
36.990000
36.950000
36.920000
36.880000
36.810000
36.740000
36.720000
36.680000
36.640000
36.590000
36.560000
36.520000
36.490000
36.440000
36.380000
36.320000
36.290000
36.240000
36.220000
36.190000
36.120000
36.060000
36.010000
35.970000
35.910000
35.050000
34.990000
34.920000
34.820000
34.720000
34.630000
34.550000
34.480000
34.350000
34.200000
34.070000
33.890000
33.720000
33.530000
33.350000
33.260000
33.230000
33.110000
32.990000
32.990000
32.890000
32.780000
32.670000
25.310000
3.610000
3.780000
3.940000
4.110000
4.290000
4.480000
4.680000
4.870000
5.120000
5.350000
5.580000
5.810000
6.010000
6.260000
6.490000
6.720000
6.950000
7.170000
7.410000
7.650000
7.900000
8.120000
8.340000
8.570000
8.770000
9.010000
9.230000
9.460000
9.690000
9.930000
10.190000
10.410000
10.620000
10.860000
11.080000
11.340000
11.550000
11.800000
12.010000
12.230000
12.420000
12.590000
12.760000
12.900000
13.080000
13.290000
13.580000
13.900000
14.180000
-327.670000
-327.670000
-327.670000
-327.670000
-327.670000
-327.670000
-327.670000
-327.670000
-327.670000
-327.670000
-327.670000
-327.670000
-327.670000
-327.670000
-327.670000
18.140000
18.360000
18.520000
18.670000
18.820000
18.960000
19.070000
19.190000
19.330000
19.470000
19.570000
19.720000
19.860000
19.960000
20.080000
20.240000
20.380000
20.500000
20.650000
20.790000
20.950000
21.080000
21.230000
21.370000
21.520000
21.670000
21.810000
21.960000
22.090000
22.220000
22.330000
22.460000
22.580000
22.700000
22.830000
22.940000
23.040000
23.150000
23.270000
23.400000
23.520000
23.600000
23.750000
23.870000
23.970000
24.080000
24.200000
24.310000
24.400000
24.520000
24.620000
24.740000
24.840000
24.970000
25.060000
25.190000
25.300000
25.420000
25.560000
25.680000
25.780000
25.920000
26.040000
26.200000
26.310000
26.430000
26.540000
26.630000
26.740000
26.850000
26.950000
27.060000
27.170000
27.270000
27.340000
27.420000
27.520000
27.610000
27.710000
27.810000
27.910000
28.010000
28.090000
28.180000
28.250000
28.320000
28.410000
28.600000
28.690000
28.770000
28.840000
28.930000
29.040000
29.100000
29.200000
29.290000
29.360000
29.460000
29.560000
29.660000
29.740000
29.810000
29.900000
29.990000
30.090000
30.170000
30.250000
30.330000
30.390000
30.470000
30.530000
30.600000
30.680000
30.750000
30.830000
30.890000
30.950000
31.060000
31.150000
31.220000
31.300000
31.360000
31.430000
31.500000
31.560000
31.620000
31.660000
31.720000
31.790000
31.880000
31.950000
32.010000
32.070000
32.150000
32.220000
32.300000
32.370000
32.430000
32.500000
32.570000
32.620000
32.680000
32.750000
32.800000
32.850000
32.920000
32.960000
33.010000
33.040000
33.080000
33.130000
33.170000
33.210000
33.270000
33.330000
33.380000
33.420000
33.470000
33.510000
33.550000
33.590000
33.630000
33.670000
33.700000
33.720000
33.750000
33.820000
33.860000
33.900000
33.960000
34.010000
34.060000
34.110000
34.150000
34.190000
34.220000
34.250000
34.280000
34.330000
34.340000
34.380000
34.410000
34.450000
34.490000
34.520000
34.570000
34.600000
34.640000
34.640000
34.650000
34.690000
34.730000
34.750000
34.800000
34.840000
34.890000
34.920000
34.940000
34.970000
34.990000
35.020000
35.020000
35.050000
35.080000
35.110000
35.150000
35.170000
35.190000
35.230000
35.250000
35.300000
35.320000
35.350000
35.370000
35.370000
35.410000
35.440000
35.470000
35.490000
35.510000
35.540000
35.570000
35.600000
35.640000
35.680000
35.710000
35.720000
35.760000
35.790000
35.810000
35.860000
35.860000
35.870000
35.900000
35.900000
35.910000
35.940000
35.950000
35.950000
35.960000
35.970000
35.980000
36.030000
36.060000
36.110000
36.160000
36.220000
36.250000
36.270000
36.300000
36.320000
36.340000
36.340000
36.380000
36.380000
36.380000
36.410000
36.420000
36.460000
36.510000
36.500000
36.520000
36.550000
36.580000
36.570000
36.560000
36.600000
36.600000
36.650000
36.670000
36.690000
36.730000
36.770000
36.810000
36.810000
36.810000
36.830000
36.820000
36.830000
36.840000
36.860000
36.880000
36.900000
36.920000
36.930000
36.920000
36.920000
36.940000
36.960000
36.990000
37.030000
37.060000
37.100000
37.130000
37.130000
37.140000
37.130000
37.140000
37.160000
37.200000
37.220000
37.180000
37.200000
37.200000
37.200000
37.220000
37.230000
37.250000
37.270000
37.280000
37.290000
37.300000
37.310000
37.320000
37.320000
37.320000
37.330000
37.340000
37.370000
37.380000
37.380000
37.390000
37.380000
37.410000
37.420000
37.400000
37.410000
37.430000
37.430000
37.450000
37.450000
37.490000
37.490000
37.500000
37.520000
37.500000
37.510000
37.490000
37.520000
37.530000
37.560000
37.570000
37.560000
37.570000
37.560000
37.580000
37.580000
37.570000
37.570000
37.580000
37.580000
37.590000
37.600000
37.600000
37.620000
37.620000
37.630000
37.650000
37.660000
37.680000
37.700000
37.680000
37.690000
37.680000
37.680000
37.680000
37.700000
37.720000
37.730000
37.730000
37.740000
37.730000
37.720000
37.730000
37.730000
37.730000
37.760000
37.750000
37.780000
37.780000
37.770000
37.790000
37.810000
37.810000
37.810000
37.790000
37.790000
37.800000
37.800000
37.790000
37.800000
37.800000
37.790000
37.800000
37.780000
37.780000
37.790000
37.790000
37.800000
37.800000
37.770000
37.790000
37.810000
37.820000
37.840000
37.850000
37.860000
37.850000
37.840000
37.830000
37.820000
37.820000
37.800000
37.810000
37.810000
37.800000
37.820000
37.830000
37.850000
37.850000
37.840000
37.820000
37.830000
37.820000
37.830000
37.840000
37.850000
37.850000
37.840000
37.870000
37.860000
37.840000
37.860000
37.850000
37.860000
37.850000
37.850000
37.850000
37.850000
37.850000
37.850000
37.860000
37.870000
37.870000
37.850000
37.850000
37.840000
37.830000
37.800000
37.780000
37.810000
37.820000
37.800000
37.800000
37.780000
37.790000
37.790000
37.800000
37.810000
37.800000
37.810000
37.820000
37.820000
37.820000
37.810000
37.790000
37.770000
37.760000
37.730000
37.700000
37.710000
37.720000
37.730000
37.740000
37.760000
37.770000
37.790000
37.770000
37.770000
37.780000
37.770000
37.760000
37.720000
37.700000
37.710000
37.710000
37.710000
37.690000
37.680000
37.680000
37.660000
37.670000
37.650000
37.670000
37.690000
37.680000
37.690000
37.680000
37.680000
37.680000
37.640000
37.620000
37.590000
37.550000
37.510000
37.480000
37.440000
37.430000
37.410000
37.390000
37.380000
37.370000
37.350000
37.310000
37.280000
37.260000
37.250000
37.230000
37.230000
37.200000
37.190000
37.160000
37.150000
37.130000
37.110000
37.080000
36.980000
36.960000
36.930000
36.910000
36.880000
36.850000
36.840000
36.790000
36.780000
36.760000
36.740000
36.710000
36.660000
36.600000
36.550000
36.490000
36.480000
36.450000
36.430000
36.400000
36.370000
36.370000
36.340000
36.300000
36.250000
36.200000
36.180000
36.150000
36.140000
36.110000
36.080000
36.090000
36.060000
36.070000
36.040000
35.990000
35.920000
35.860000
35.820000
35.810000
35.780000
35.720000
35.670000
35.610000
35.570000
35.510000
35.500000
35.440000
35.390000
35.320000
35.250000
35.200000
35.160000
35.120000
35.080000
35.030000
35.010000
34.940000
34.880000
34.840000
34.810000
34.730000
34.650000
34.550000
34.470000
34.350000
34.280000
34.210000
34.110000
34.040000
33.980000
33.860000
33.700000
33.560000
33.400000
33.240000
33.040000
32.850000
32.680000
32.590000
32.560000
32.470000
24.760000
24.860000
24.960000
25.070000
25.140000
25.220000
25.320000
25.430000
25.610000
25.700000
25.770000
25.840000
25.890000
25.950000
26.010000
26.070000
26.130000
26.170000
26.210000
26.240000
26.260000
26.280000
26.290000
26.300000
26.300000
26.300000
26.300000
26.300000
26.300000
26.300000
26.300000
26.300000
26.300000
26.300000
26.290000
26.290000
26.290000
26.290000
26.290000
26.290000
26.290000
26.290000
26.290000
26.290000
26.290000
26.290000
26.290000
26.290000
26.290000
26.290000
26.290000
26.290000
26.290000
26.290000
26.290000
26.290000
26.290000
26.290000
26.290000
26.290000
26.290000
26.290000
26.290000
26.290000
26.290000
26.290000
26.290000
26.290000
26.290000
26.290000
26.290000
26.290000
26.290000
26.290000
26.290000
26.290000
26.290000
26.290000
26.290000
26.290000
26.290000
26.290000
26.290000
26.290000
26.290000
26.290000
26.290000
26.290000
26.290000
26.290000
26.290000
26.290000
26.290000
26.290000
26.290000
26.290000
26.290000
26.290000
26.290000
26.290000
26.290000
26.290000
26.290000
26.290000
26.290000
26.290000
26.290000
26.290000
26.290000
26.290000
26.290000
26.290000
26.290000
26.290000
26.290000
26.290000
26.290000
26.290000
26.290000
26.290000
26.290000
26.290000
26.290000
26.290000
26.290000
26.290000
26.290000
26.290000
26.290000
26.290000
26.290000
26.290000
26.290000
26.290000
26.290000
26.300000
26.290000
26.300000
26.290000
26.300000
26.300000
26.300000
26.300000
26.290000
26.300000
26.290000
26.290000
26.290000
26.290000
26.290000
26.300000
26.300000
26.290000
26.290000
26.290000
26.290000
26.290000
26.290000
26.290000
26.290000
26.290000
26.300000
26.290000
26.290000
26.290000
26.290000
26.290000
26.290000
26.290000
26.290000
26.290000
26.290000
26.290000
26.290000
26.290000
26.290000
26.290000
26.290000
26.290000
26.290000
26.290000
26.300000
26.290000
26.300000
26.290000
26.290000
26.290000
26.290000
26.290000
26.290000
26.290000
26.290000
26.290000
26.290000
26.290000
26.290000
26.300000
26.300000
26.300000
26.300000
26.290000
26.300000
26.300000
26.300000
26.300000
26.300000
26.300000
26.290000
26.290000
26.290000
26.290000
26.290000
26.290000
26.290000
26.290000
26.290000
26.290000
26.290000
26.290000
26.290000
26.290000
26.290000
26.300000
26.290000
26.290000
26.290000
26.300000
26.300000
26.300000
26.290000
26.290000
26.290000
26.290000
26.290000
26.290000
26.290000
26.290000
26.290000
26.290000
26.290000
26.290000
26.290000
26.290000
26.290000
26.290000
26.300000
26.290000
26.290000
26.290000
26.290000
26.290000
26.300000
26.290000
26.290000
26.290000
26.290000
26.290000
26.290000
26.290000
26.290000
26.290000
26.290000
26.290000
26.290000
26.290000
26.290000
26.290000
26.290000
26.290000
26.290000
26.290000
26.290000
26.300000
26.290000
26.290000
26.290000
26.290000
26.290000
26.300000
26.290000
26.300000
26.290000
26.290000
26.290000
26.290000
26.290000
26.290000
26.290000
26.290000
26.290000
26.290000
26.290000
26.290000
26.290000
26.290000
26.290000
26.290000
26.300000
26.290000
26.290000
26.290000
26.290000
26.300000
26.290000
26.290000
26.290000
26.290000
26.290000
26.290000
26.300000
26.290000
26.290000
26.290000
26.300000
26.300000
26.290000
26.300000
26.290000
26.300000
26.300000
26.300000
26.290000
26.290000
26.290000
26.290000
26.290000
26.290000
26.290000
26.290000
26.290000
26.290000
26.290000
26.290000
26.290000
26.290000
26.290000
26.290000
26.300000
26.290000
26.290000
26.290000
26.290000
26.290000
26.290000
26.290000
26.290000
26.290000
26.290000
26.290000
26.300000
26.290000
26.290000
26.290000
26.290000
26.290000
26.300000
26.290000
26.300000
26.290000
26.290000
26.290000
26.290000
26.290000
26.300000
26.290000
26.290000
26.300000
26.290000
26.290000
26.290000
26.290000
26.290000
26.300000
26.290000
26.300000
26.290000
26.290000
26.290000
26.290000
26.290000
26.290000
26.290000
26.290000
26.290000
26.300000
26.290000
26.290000
26.290000
26.300000
26.290000
26.290000
26.290000
26.290000
26.290000
26.290000
26.290000
26.290000
26.290000
26.290000
26.290000
26.290000
26.290000
26.290000
26.290000
26.290000
26.290000
26.290000
26.290000
26.290000
26.290000
26.290000
26.290000
26.290000
26.290000
26.290000
26.290000
26.290000
26.290000
26.290000
26.290000
26.290000
26.300000
26.300000
26.290000
26.290000
26.300000
26.290000
26.300000
26.290000
26.290000
26.290000
26.290000
26.290000
26.290000
26.300000
26.300000
26.290000
26.290000
26.290000
26.300000
26.300000
26.290000
26.290000
26.290000
26.290000
26.290000
26.290000
26.290000
26.290000
26.290000
26.300000
26.290000
26.290000
26.290000
26.290000
26.300000
26.290000
26.290000
26.290000
26.290000
26.290000
26.290000
26.290000
26.290000
26.290000
26.290000
26.290000
26.290000
26.290000
26.300000
26.290000
26.290000
26.290000
26.290000
26.290000
26.290000
26.290000
26.290000
26.290000
26.290000
26.290000
26.290000
26.290000
26.290000
26.290000
26.290000
26.300000
26.300000
26.290000
26.300000
26.300000
26.300000
26.300000
26.300000
26.290000
26.290000
26.290000
26.290000
26.290000
26.290000
26.290000
26.290000
26.300000
26.300000
26.290000
26.290000
26.290000
26.290000
26.300000
26.300000
26.290000
26.290000
26.300000
26.300000
26.300000
26.300000
26.300000
26.300000
26.300000
26.300000
26.300000
26.300000
26.300000
26.300000
26.300000
26.300000
26.300000
26.300000
26.300000
26.300000
26.300000
26.300000
26.300000
26.300000
26.300000
26.300000
26.300000
26.300000
26.300000
26.300000
26.300000
26.300000
26.300000
26.300000
26.300000
26.300000
26.300000
26.290000
26.300000
26.300000
26.300000
26.300000
26.300000
26.290000
26.300000
26.300000
26.300000
26.290000
26.290000
26.300000
26.300000
26.300000
26.290000
26.290000
26.290000
26.300000
26.300000
26.290000
26.290000
26.290000
26.290000
26.290000
26.290000
26.290000
26.290000
26.290000
26.290000
26.290000
26.290000
26.300000
26.300000
26.290000
26.290000
26.290000
26.290000
26.290000
26.290000
26.290000
26.290000
26.300000
26.290000
26.290000
26.290000
26.290000
26.290000
26.290000
26.300000
26.290000
26.290000
26.290000
26.300000
26.290000
26.290000
26.290000
26.290000
26.290000
26.290000
26.290000
26.290000
26.290000
26.290000
26.290000
26.300000
26.290000
26.290000
26.290000
26.290000
26.290000
26.290000
26.290000
26.290000
26.290000
26.290000
26.290000
26.290000
26.290000
26.290000
26.290000
26.290000
26.300000
26.290000
26.290000
26.290000
26.290000
26.290000
26.300000
26.290000
26.290000
26.300000
26.290000
26.290000
26.290000
26.300000
26.300000
26.300000
26.300000
26.300000
26.300000
26.290000
26.290000
26.300000
26.300000
26.300000
26.300000
26.300000
26.300000
26.300000
26.300000
26.300000
26.300000
26.290000
26.290000
26.300000
26.300000
26.300000
26.300000
26.290000
26.300000
26.300000
26.290000
26.300000
26.290000
26.290000
26.290000
26.290000
26.290000
26.290000
26.290000
26.290000
26.290000
26.290000
26.290000
26.290000
26.290000
26.290000
26.290000
26.290000
26.290000
26.290000
26.290000
26.290000
26.290000
26.290000
26.290000
26.290000
26.300000
26.300000
26.290000
26.290000
26.290000
26.290000
26.290000
26.300000
26.290000
26.290000
26.290000
26.290000
26.290000
26.290000
26.290000
26.290000
26.290000
26.290000
26.290000
26.290000
26.290000
26.290000
26.290000
26.290000
26.290000
26.290000
26.290000
26.290000
26.290000
26.290000
26.290000
26.290000
26.290000
26.290000
26.290000
26.290000
26.290000
26.300000
26.290000
26.290000
26.290000
26.300000
26.290000
26.300000
26.290000
26.290000
26.290000
26.290000
26.290000
26.290000
26.290000
26.290000
26.290000
26.290000
26.290000
26.300000
26.290000
26.290000
26.290000
26.300000
26.290000
26.300000
26.300000
26.290000
26.300000
26.290000
26.290000
26.290000
26.290000
26.290000
26.300000
26.290000
26.290000
26.290000
26.290000
26.290000
26.300000
26.300000
26.300000
26.290000
26.290000
26.300000
26.290000
26.290000
26.290000
26.290000
26.290000
26.290000
26.290000
26.290000
26.290000
26.290000
26.290000
26.290000
26.290000
26.290000
26.290000
26.290000
26.290000
26.290000
26.290000
26.290000
26.300000
26.290000
26.290000
26.290000
26.290000
26.300000
26.290000
26.290000
26.300000
26.300000
26.290000
26.300000
26.290000
26.290000
26.300000
26.300000
26.300000
26.300000
26.290000
26.290000
26.300000
26.300000
26.290000
26.300000
26.290000
26.290000
26.300000
26.300000
26.290000
26.300000
26.290000
