3.100000
3.110000
3.100000
3.100000
3.190000
3.320000
3.480000
3.620000
3.740000
3.870000
4.010000
4.170000
4.300000
4.420000
4.560000
4.630000
4.730000
4.870000
5.050000
5.240000
5.380000
5.500000
5.660000
5.820000
6.000000
6.140000
6.290000
6.430000
6.570000
6.700000
6.810000
6.930000
7.050000
7.170000
7.300000
7.440000
7.580000
7.730000
7.930000
8.110000
8.260000
8.510000
8.690000
8.930000
9.090000
9.240000
9.450000
9.660000
9.800000
9.960000
10.160000
10.360000
10.570000
10.740000
10.930000
11.120000
11.330000
11.500000
11.650000
11.800000
11.980000
12.120000
12.260000
12.420000
12.550000
12.720000
12.840000
12.980000
13.140000
13.320000
13.530000
13.690000
13.880000
14.060000
14.280000
14.420000
14.570000
14.760000
14.930000
15.100000
15.300000
15.440000
15.600000
15.740000
15.910000
16.100000
16.260000
16.430000
16.600000
16.770000
16.970000
17.150000
17.300000
17.480000
17.660000
17.830000
18.010000
18.170000
18.340000
18.500000
18.690000
18.830000
18.980000
19.210000
19.360000
19.580000
19.730000
19.890000
20.070000
20.230000
20.390000
20.530000
20.700000
20.850000
21.000000
21.140000
21.260000
21.390000
21.530000
21.670000
21.820000
21.960000
22.110000
22.250000
22.370000
22.550000
22.670000
22.810000
22.960000
23.090000
23.220000
23.360000
23.480000
23.620000
23.750000
23.880000
24.040000
24.200000
24.320000
24.470000
24.620000
24.760000
24.940000
25.080000
25.230000
25.370000
25.510000
25.650000
25.780000
25.890000
26.030000
26.170000
26.330000
26.450000
26.560000
26.680000
26.830000
26.940000
27.060000
27.160000
27.270000
27.390000
27.490000
27.620000
27.750000
27.860000
27.960000
28.060000
28.160000
28.260000
28.370000
28.450000
28.560000
28.660000
28.770000
28.860000
28.980000
29.090000
29.170000
29.280000
29.390000
29.490000
29.590000
29.690000
29.790000
29.870000
29.960000
30.070000
30.180000
30.260000
30.420000
30.590000
30.660000
30.750000
30.820000
30.920000
31.010000
31.120000
31.190000
31.260000
31.340000
31.400000
31.500000
31.620000
31.730000
31.850000
31.980000
32.070000
32.150000
32.220000
32.270000
32.350000
32.400000
32.490000
32.580000
32.650000
32.730000
32.820000
32.900000
33.000000
33.070000
33.150000
33.240000
33.320000
33.450000
33.520000
33.590000
33.660000
33.740000
33.800000
33.860000
33.930000
34.000000
34.040000
34.090000
34.170000
34.240000
34.300000
34.370000
34.410000
34.440000
34.500000
34.570000
34.630000
34.680000
34.750000
34.810000
34.860000
34.930000
34.980000
35.040000
35.090000
35.140000
35.200000
35.270000
35.340000
35.400000
35.450000
35.500000
35.560000
35.620000
35.660000
35.700000
35.750000
35.810000
35.840000
35.870000
35.900000
35.940000
35.970000
36.010000
36.040000
36.080000
36.130000
36.170000
36.210000
36.250000
36.280000
36.310000
36.350000
36.370000
36.370000
36.400000
36.420000
36.430000
36.490000
36.530000
36.560000
36.600000
36.650000
36.670000
36.690000
36.710000
36.740000
36.770000
36.810000
36.840000
36.870000
36.890000
36.910000
36.940000
36.960000
36.990000
37.020000
37.080000
37.120000
37.170000
37.200000
37.210000
37.220000
37.240000
37.230000
37.240000
37.270000
37.280000
37.300000
37.330000
37.350000
37.390000
37.420000
37.430000
37.460000
37.490000
37.520000
37.540000
37.560000
37.570000
37.600000
37.630000
37.660000
37.690000
37.710000
37.730000
37.760000
37.780000
37.820000
37.840000
37.860000
37.890000
37.900000
37.920000
37.960000
38.000000
38.010000
38.020000
38.050000
38.050000
38.060000
38.050000
38.060000
38.050000
38.030000
38.060000
38.100000
38.140000
38.170000
38.200000
38.230000
38.220000
38.240000
38.270000
38.280000
38.280000
38.300000
38.320000
38.340000
38.370000
38.400000
38.430000
38.460000
38.490000
38.530000
38.560000
38.570000
38.590000
38.580000
38.590000
38.570000
38.580000
38.580000
38.570000
38.570000
38.580000
38.600000
38.600000
38.610000
38.620000
38.630000
38.610000
38.620000
38.630000
38.650000
38.680000
38.710000
38.740000
38.730000
38.740000
38.750000
38.760000
38.770000
38.770000
38.770000
38.790000
38.810000
38.810000
38.830000
38.840000
38.840000
38.820000
38.840000
38.840000
38.860000
38.870000
38.870000
38.840000
38.840000
38.850000
38.840000
38.820000
38.810000
38.800000
38.820000
38.810000
38.830000
38.830000
38.820000
38.820000
38.810000
38.790000
38.760000
38.760000
38.790000
38.770000
38.770000
38.750000
38.760000
38.780000
38.790000
38.770000
38.760000
38.780000
38.780000
38.760000
38.780000
38.770000
38.770000
38.760000
38.740000
38.730000
38.720000
38.720000
38.720000
38.730000
38.740000
38.730000
38.720000
38.720000
38.720000
38.710000
38.710000
38.710000
38.710000
38.730000
38.730000
38.730000
38.680000
38.620000
38.600000
38.600000
38.600000
38.590000
38.600000
38.590000
38.580000
38.570000
38.570000
38.560000
38.570000
38.570000
38.570000
38.580000
38.570000
38.590000
38.600000
38.620000
38.610000
38.600000
38.550000
38.550000
38.560000
38.540000
38.520000
38.530000
38.510000
38.490000
38.490000
38.460000
38.430000
38.410000
38.390000
38.380000
38.370000
38.370000
38.360000
38.350000
38.320000
38.290000
38.270000
38.260000
38.270000
38.280000
38.280000
38.280000
38.280000
38.280000
38.300000
38.270000
38.260000
38.250000
38.210000
38.200000
38.170000
38.170000
38.170000
38.180000
38.170000
38.170000
38.170000
38.170000
38.170000
38.150000
38.110000
38.080000
38.060000
38.050000
38.050000
38.060000
38.070000
38.060000
38.040000
38.020000
38.010000
37.980000
37.960000
37.940000
37.920000
37.880000
37.880000
37.850000
37.820000
37.820000
37.800000
37.770000
37.760000
37.710000
37.680000
37.700000
37.700000
37.710000
37.690000
37.700000
37.670000
37.670000
37.650000
37.620000
37.610000
37.620000
37.620000
37.630000
37.580000
37.540000
37.500000
37.470000
37.440000
37.440000
37.440000
37.430000
37.390000
37.350000
37.320000
37.260000
37.260000
37.250000
37.250000
37.270000
37.290000
37.290000
37.290000
37.270000
37.280000
37.250000
37.170000
37.100000
37.030000
36.970000
36.940000
36.910000
36.890000
36.860000
36.830000
36.820000
36.800000
36.730000
36.700000
36.660000
36.660000
36.630000
36.600000
36.560000
36.540000
36.460000
36.430000
36.400000
36.350000
36.320000
36.280000
36.250000
36.190000
36.150000
36.080000
36.030000
35.990000
35.960000
35.970000
35.950000
35.940000
35.910000
35.890000
35.890000
35.870000
35.840000
35.790000
35.750000
35.690000
35.590000
35.530000
35.480000
35.450000
35.420000
35.380000
35.350000
35.300000
35.270000
35.230000
35.170000
35.120000
35.080000
35.040000
34.980000
34.920000
34.890000
34.850000
34.810000
34.760000
34.670000
34.530000
34.460000
34.370000
34.340000
34.290000
34.230000
34.150000
34.090000
34.040000
33.960000
33.870000
33.770000
33.680000
33.600000
33.530000
33.450000
33.340000
33.220000
33.100000
32.970000
32.870000
32.700000
32.540000
32.360000
32.090000
31.910000
31.830000
31.730000
31.660000
31.630000
31.570000
31.500000
31.390000
31.320000
31.310000
31.150000
31.000000
-6.360000
-43.390000
-43.190000
-42.970000
-42.810000
-42.650000
-42.520000
-42.410000
-42.270000
-42.090000
-41.920000
-41.780000
-41.630000
-41.500000
-41.390000
-41.260000
-41.150000
-41.060000
-40.890000
-40.780000
-40.660000
-40.500000
-40.330000
-40.180000
-40.030000
-39.860000
-39.720000
-39.590000
-39.460000
-39.330000
-39.220000
-39.090000
-38.970000
-38.850000
-38.730000
-38.590000
-38.420000
-38.200000
-37.990000
-37.820000
-37.690000
-37.540000
-37.390000
-37.270000
-37.120000
-37.010000
-36.910000
-36.820000
-36.680000
-36.550000
-36.420000
-36.290000
-36.170000
-36.010000
-35.850000
-35.680000
-35.520000
-35.440000
-35.280000
-35.200000
-35.140000
-34.980000
-34.920000
-34.850000
-34.690000
-34.590000
-34.510000
-34.450000
-34.390000
-34.270000
-34.130000
-34.020000
-33.950000
-33.890000
-33.830000
-33.770000
-33.730000
-33.670000
-33.630000
-33.590000
-33.550000
-33.510000
-33.460000
-33.370000
-33.260000
-33.140000
-33.030000
-32.960000
-32.840000
-32.760000
-32.660000
-32.590000
-32.530000
-32.450000
-32.400000
-32.330000
-32.300000
-32.230000
-32.160000
-327.670000
-31.980000
-31.850000
-31.740000
-31.600000
-31.500000
-31.360000
-31.240000
-31.180000
-31.110000
-30.990000
-30.890000
-30.780000
-30.680000
-30.590000
-30.470000
-30.390000
-30.360000
-30.290000
-30.290000
-30.210000
-30.140000
-30.090000
-29.980000
-29.910000
-29.830000
-29.730000
-29.660000
-29.580000
-29.490000
-29.430000
-29.330000
-29.220000
-29.150000
-29.020000
-28.880000
-28.780000
-28.710000
-28.600000
-28.520000
-28.420000
-28.340000
-28.240000
-28.150000
-28.000000
-27.880000
-27.760000
-27.650000
-27.560000
-27.440000
-27.320000
-27.160000
-26.980000
-26.840000
-26.700000
-26.630000
-26.530000
-26.430000
-26.350000
-26.230000
-26.100000
-25.960000
-25.840000
-25.720000
-25.620000
-25.520000
-25.370000
-25.210000
-25.080000
-24.920000
-24.770000
-24.680000
-24.570000
-24.470000
-24.370000
-24.230000
-24.120000
-24.000000
-23.870000
-23.780000
-23.670000
-23.570000
-23.440000
-23.290000
-23.170000
-23.020000
-22.860000
-22.690000
-22.530000
-22.410000
-22.230000
-22.080000
-21.890000
-21.710000
-21.590000
-21.450000
-21.240000
-21.090000
-20.940000
-20.820000
-20.730000
-20.630000
-20.520000
-20.380000
-20.210000
-20.090000
-19.930000
-19.830000
-19.710000
-19.530000
-19.390000
-19.230000
-19.110000
-19.000000
-18.870000
-18.710000
-18.540000
-18.400000
-18.240000
-18.050000
-17.910000
-17.750000
-17.600000
-17.430000
-17.290000
-17.130000
-17.030000
-16.820000
-16.670000
-16.540000
-16.400000
-16.320000
-16.170000
-16.080000
-15.900000
-15.740000
-15.610000
-15.490000
-15.340000
-15.180000
-15.040000
-14.890000
-14.750000
-14.600000
-14.480000
-14.350000
-14.210000
-14.070000
-13.940000
-13.810000
-13.680000
-13.530000
-13.380000
-13.250000
-13.120000
-13.010000
-12.860000
-12.720000
-12.580000
-12.430000
-12.300000
-12.180000
-12.040000
-11.890000
-11.750000
-11.620000
-11.490000
-11.360000
-11.210000
-11.050000
-10.910000
-10.770000
-10.650000
-10.510000
-10.350000
-10.200000
-10.070000
-9.930000
-9.770000
-9.620000
-9.460000
-9.330000
-9.170000
-9.030000
-8.890000
-8.730000
-8.590000
-8.470000
-8.380000
-8.280000
-8.130000
-7.990000
-7.860000
-7.720000
-7.600000
-7.450000
-7.320000
-7.190000
-7.020000
-6.870000
-6.710000
-6.550000
-6.400000
-6.220000
-6.090000
-5.920000
-5.720000
-5.570000
-5.400000
-5.260000
-5.120000
-4.960000
-4.840000
-4.690000
-4.580000
-4.470000
-4.320000
-4.190000
-4.020000
-3.910000
-3.790000
-3.680000
-3.560000
-3.390000
-3.260000
-3.140000
-3.020000
-2.900000
-2.770000
-2.640000
-2.510000
-2.340000
-2.220000
-2.060000
-1.920000
-1.780000
-1.630000
-1.460000
-1.270000
-1.100000
-0.910000
-0.760000
-0.580000
-0.460000
-0.310000
-0.150000
-0.020000
0.120000
0.280000
0.400000
0.540000
0.650000
0.770000
0.910000
1.050000
1.200000
1.340000
1.490000
1.650000
1.780000
1.940000
2.090000
2.200000
2.350000
2.490000
2.640000
2.770000
2.890000
3.040000
3.180000
3.310000
3.460000
3.600000
3.730000
3.870000
4.000000
4.160000
4.310000
4.440000
4.580000
4.700000
4.870000
4.980000
5.120000
5.260000
5.400000
5.570000
5.690000
5.840000
5.980000
6.100000
6.250000
6.380000
6.510000
6.650000
6.790000
6.930000
7.060000
7.190000
7.340000
7.470000
7.620000
7.770000
7.900000
8.040000
8.170000
8.310000
8.460000
8.600000
8.750000
8.930000
9.100000
9.230000
9.400000
9.560000
9.720000
9.880000
10.010000
10.170000
10.330000
10.450000
10.610000
10.740000
10.910000
11.070000
11.230000
11.390000
11.550000
11.690000
11.820000
11.970000
12.110000
12.250000
12.360000
12.500000
12.620000
12.730000
12.880000
13.020000
13.170000
13.290000
13.440000
13.580000
13.680000
13.820000
13.970000
14.120000
14.260000
14.400000
14.540000
14.670000
14.800000
14.920000
15.060000
15.190000
15.350000
15.490000
15.620000
15.790000
15.940000
16.070000
16.220000
16.370000
16.510000
16.660000
16.780000
16.930000
17.050000
17.210000
17.330000
17.470000
17.620000
17.770000
17.910000
18.070000
18.230000
18.380000
18.520000
18.680000
18.800000
18.930000
19.070000
19.210000
19.340000
19.420000
19.540000
19.680000
19.810000
19.930000
20.060000
20.200000
20.310000
20.430000
20.560000
20.670000
20.750000
20.860000
20.980000
21.100000
21.240000
21.370000
21.500000
21.650000
21.800000
21.880000
21.980000
22.080000
22.240000
22.360000
22.480000
22.590000
22.710000
22.780000
22.870000
23.000000
23.060000
23.150000
23.230000
23.310000
23.410000
23.520000
23.610000
23.710000
23.800000
23.920000
24.040000
24.120000
24.220000
24.320000
24.410000
24.490000
24.590000
24.680000
24.800000
24.860000
24.930000
25.020000
25.120000
25.200000
25.300000
25.430000
25.510000
25.600000
25.720000
25.800000
25.870000
25.940000
26.030000
26.120000
26.220000
26.300000
26.370000
26.460000
26.560000
26.650000
26.720000
26.850000
26.990000
27.120000
27.200000
27.270000
27.380000
27.470000
27.530000
27.610000
27.670000
27.710000
27.740000
27.800000
27.840000
27.920000
27.960000
27.990000
28.050000
28.100000
28.170000
28.270000
28.330000
28.400000
28.480000
28.530000
28.600000
28.670000
28.760000
28.870000
28.950000
29.040000
29.120000
29.200000
29.250000
29.310000
29.380000
29.440000
29.500000
29.560000
29.640000
29.670000
29.720000
29.760000
29.810000
29.850000
29.900000
29.940000
30.000000
30.040000
30.110000
30.170000
30.240000
30.300000
30.360000
30.420000
30.470000
30.530000
30.590000
30.640000
30.700000
30.760000
30.820000
30.860000
30.910000
30.970000
31.030000
31.070000
31.110000
31.160000
31.190000
31.220000
31.250000
31.250000
31.270000
31.290000
31.320000
31.370000
31.440000
31.510000
31.580000
31.630000
31.690000
31.770000
31.810000
31.850000
31.890000
31.920000
31.900000
31.860000
31.860000
31.870000
31.890000
31.930000
31.960000
32.010000
32.040000
32.060000
32.090000
32.100000
32.090000
32.100000
32.130000
32.150000
32.190000
32.240000
32.310000
32.340000
32.390000
32.430000
32.500000
32.530000
32.540000
32.560000
32.560000
32.580000
32.630000
32.660000
32.700000
32.730000
32.770000
32.770000
32.760000
32.780000
32.810000
32.840000
32.850000
32.890000
32.930000
32.950000
32.970000
33.000000
33.040000
33.080000
33.110000
33.140000
33.170000
33.210000
33.230000
33.260000
33.300000
33.320000
33.340000
33.350000
33.370000
33.400000
33.420000
33.450000
33.470000
33.490000
33.500000
33.530000
33.550000
33.580000
33.620000
33.640000
33.660000
33.670000
33.680000
33.700000
33.720000
33.750000
33.780000
33.780000
33.770000
33.770000
33.800000
33.820000
33.830000
33.870000
33.900000
33.910000
33.930000
33.930000
33.910000
33.910000
33.910000
33.940000
33.970000
33.990000
34.020000
34.030000
33.990000
33.990000
33.980000
33.990000
34.000000
34.020000
34.020000
34.050000
34.090000
34.090000
34.100000
34.110000
34.110000
34.130000
34.140000
34.150000
34.170000
34.200000
34.210000
34.230000
34.240000
34.250000
34.220000
34.210000
34.210000
34.190000
34.190000
34.180000
34.170000
34.170000
34.180000
34.160000
34.140000
34.100000
34.080000
34.060000
34.050000
34.030000
34.060000
34.040000
33.980000
33.950000
33.900000
33.810000
33.700000
33.640000
33.610000
33.570000
33.550000
33.520000
33.490000
33.480000
33.440000
33.420000
-327.670000
33.450000
33.440000
33.390000
33.370000
33.360000
33.350000
33.300000
33.250000
33.230000
33.180000
33.150000
33.110000
33.030000
33.000000
32.970000
32.940000
32.920000
32.880000
32.820000
32.730000
32.700000
32.660000
32.610000
32.550000
32.470000
32.420000
32.340000
32.250000
32.200000
32.100000
32.060000
32.010000
31.930000
31.870000
31.790000
31.720000
31.670000
31.600000
31.560000
31.470000
31.330000
31.250000
31.150000
31.080000
30.980000
30.880000
30.750000
30.640000
30.510000
30.390000
30.290000
30.170000
30.010000
29.880000
29.860000
29.770000
29.690000
29.610000
29.540000
29.370000
29.310000
29.130000
29.210000
29.190000
-327.670000
-327.670000
-327.670000
-327.670000
-327.670000
-327.670000
-327.670000
-327.670000
18.600000
18.790000
18.950000
19.130000
19.290000
19.440000
19.630000
19.800000
19.960000
20.110000
20.280000
20.450000
20.610000
20.770000
20.910000
21.110000
21.240000
21.420000
21.610000
21.750000
21.870000
22.040000
22.170000
22.280000
22.410000
22.520000
22.640000
22.740000
22.840000
22.960000
23.060000
23.150000
23.250000
23.360000
23.470000
23.590000
23.710000
23.830000
23.950000
24.090000
24.210000
24.350000
24.460000
24.570000
24.670000
24.800000
24.920000
25.030000
25.150000
25.290000
25.390000
25.510000
25.620000
25.740000
25.860000
25.950000
26.050000
26.090000
26.190000
26.300000
26.410000
26.460000
26.600000
26.690000
26.830000
26.950000
27.000000
27.110000
27.230000
27.360000
27.540000
27.650000
27.750000
27.840000
27.930000
28.040000
28.130000
28.210000
28.290000
28.390000
28.520000
28.590000
28.710000
28.810000
28.900000
29.000000
29.110000
29.230000
29.350000
29.480000
29.590000
29.680000
29.790000
29.880000
29.940000
30.020000
30.100000
30.180000
30.200000
30.290000
30.370000
30.430000
30.460000
30.530000
30.590000
30.710000
30.820000
30.930000
31.000000
31.060000
31.150000
31.220000
31.310000
31.390000
31.470000
31.550000
31.600000
31.710000
31.780000
31.850000
31.930000
31.990000
32.100000
32.180000
32.250000
32.330000
32.420000
32.500000
32.570000
32.640000
32.690000
32.750000
32.810000
32.890000
32.970000
33.030000
33.100000
33.150000
33.210000
33.260000
33.330000
33.370000
33.400000
33.460000
33.510000
33.570000
33.630000
33.670000
33.710000
33.750000
33.790000
33.850000
33.910000
33.960000
34.010000
34.060000
34.130000
34.210000
34.240000
34.310000
34.360000
34.410000
34.440000
34.490000
34.530000
34.560000
34.600000
34.630000
34.670000
34.690000
34.710000
34.730000
34.780000
34.810000
34.850000
34.890000
34.930000
34.970000
35.010000
35.030000
35.050000
35.080000
35.110000
35.130000
35.160000
35.180000
35.210000
35.240000
35.260000
35.300000
35.340000
35.350000
35.410000
35.470000
35.520000
35.560000
35.590000
35.620000
35.650000
35.670000
35.680000
35.730000
35.750000
35.760000
35.810000
35.860000
35.900000
35.950000
35.970000
36.000000
36.030000
36.060000
36.090000
36.110000
36.140000
36.140000
36.160000
36.190000
36.210000
36.240000
36.250000
36.260000
36.280000
36.290000
36.320000
36.350000
36.410000
36.420000
36.460000
36.510000
36.520000
36.550000
36.600000
36.630000
36.670000
36.720000
36.750000
36.760000
36.730000
36.740000
36.740000
36.770000
36.810000
36.830000
36.860000
36.880000
36.910000
36.960000
36.980000
37.020000
37.070000
37.110000
37.130000
37.140000
37.190000
37.220000
37.220000
37.240000
37.250000
37.270000
37.270000
37.280000
37.310000
37.300000
37.280000
37.300000
37.300000
37.320000
37.330000
37.350000
37.360000
37.380000
37.410000
37.450000
37.460000
37.500000
37.500000
37.530000
37.550000
37.570000
37.600000
37.600000
37.610000
37.630000
37.630000
37.650000
37.690000
37.730000
37.740000
37.740000
37.760000
37.780000
37.830000
37.820000
37.830000
37.850000
37.840000
37.830000
37.830000
37.830000
37.840000
37.870000
37.870000
37.880000
37.900000
37.920000
37.960000
37.980000
38.030000
38.050000
38.060000
38.070000
38.070000
38.080000
38.090000
38.090000
38.090000
38.090000
38.080000
38.090000
38.100000
38.110000
38.130000
38.120000
38.140000
38.140000
38.160000
38.200000
38.190000
38.220000
38.240000
38.250000
38.250000
38.240000
38.250000
38.240000
38.260000
38.260000
38.280000
38.280000
38.280000
38.290000
38.280000
38.280000
38.290000
38.310000
38.330000
38.330000
38.340000
38.350000
38.360000
38.380000
38.390000
38.390000
38.430000
38.410000
38.430000
38.450000
38.430000
38.420000
38.430000
38.410000
38.420000
38.420000
38.440000
38.450000
38.460000
38.460000
38.480000
38.490000
38.500000
38.510000
38.520000
38.520000
38.530000
38.530000
38.520000
38.530000
38.530000
38.520000
38.530000
38.520000
38.510000
38.520000
38.520000
38.540000
38.560000
38.560000
38.600000
38.590000
38.600000
38.630000
38.630000
38.640000
38.650000
38.640000
38.620000
38.600000
38.640000
38.660000
38.670000
38.660000
38.650000
38.660000
38.640000
38.660000
38.680000
38.660000
38.640000
38.650000
38.660000
38.660000
38.660000
38.690000
38.680000
38.700000
38.720000
38.720000
38.740000
38.720000
38.710000
38.720000
38.710000
38.710000
38.710000
38.730000
38.740000
38.770000
38.750000
38.740000
38.730000
38.730000
38.730000
38.710000
38.720000
38.730000
38.720000
38.730000
38.740000
38.720000
38.710000
38.700000
38.690000
38.670000
38.670000
38.670000
38.670000
38.680000
38.690000
38.670000
38.690000
38.710000
38.720000
38.730000
38.740000
38.740000
38.740000
38.740000
38.740000
38.720000
38.730000
38.740000
38.750000
38.740000
38.730000
38.730000
38.740000
38.750000
38.740000
38.730000
38.720000
38.720000
38.710000
38.710000
38.710000
38.700000
38.670000
38.670000
38.680000
38.680000
38.680000
38.690000
38.680000
38.660000
38.640000
38.650000
38.630000
38.640000
38.640000
38.640000
38.650000
38.620000
38.580000
38.580000
38.560000
38.580000
38.550000
38.530000
38.500000
38.490000
38.500000
38.500000
38.510000
38.510000
38.510000
38.500000
38.470000
38.460000
38.460000
38.450000
38.430000
38.390000
38.350000
38.340000
38.310000
38.270000
38.240000
38.210000
38.210000
38.180000
38.180000
38.190000
38.150000
38.160000
38.120000
38.090000
38.060000
38.000000
37.970000
37.940000
37.940000
37.940000
37.920000
37.910000
37.880000
37.840000
37.790000
37.750000
37.720000
37.700000
37.670000
37.640000
37.630000
37.590000
37.550000
37.520000
37.500000
37.470000
37.440000
37.390000
37.350000
37.320000
37.290000
37.280000
37.270000
37.230000
37.200000
37.160000
37.140000
37.090000
37.050000
37.030000
37.010000
36.980000
36.930000
36.870000
36.860000
36.830000
36.860000
36.840000
36.780000
36.730000
36.700000
36.630000
36.600000
36.580000
36.560000
36.530000
36.490000
36.430000
36.370000
36.330000
36.300000
36.260000
36.190000
36.110000
36.060000
36.000000
35.950000
35.920000
35.870000
35.850000
35.810000
35.740000
35.670000
35.620000
35.570000
35.540000
35.460000
35.400000
35.340000
35.250000
35.130000
35.040000
34.960000
34.900000
34.800000
34.670000
34.500000
34.300000
34.020000
33.830000
33.740000
33.700000
33.640000
33.520000
33.470000
25.740000
25.840000
25.920000
25.980000
26.060000
26.110000
26.150000
26.220000
26.280000
26.320000
26.340000
26.380000
26.400000
26.420000
26.440000
26.440000
26.450000
26.440000
26.450000
26.450000
26.440000
26.440000
26.450000
26.450000
26.450000
26.450000
26.450000
26.440000
26.450000
26.450000
26.440000
26.450000
26.450000
26.450000
26.450000
26.450000
26.450000
26.450000
26.450000
26.450000
26.450000
26.450000
26.450000
26.450000
26.450000
26.450000
26.450000
26.450000
26.460000
26.450000
26.450000
26.450000
26.450000
26.450000
26.450000
26.460000
26.450000
26.450000
26.450000
26.450000
26.460000
26.450000
26.450000
26.450000
26.450000
26.460000
26.450000
26.450000
26.450000
26.450000
26.450000
26.450000
26.450000
26.450000
26.450000
26.450000
26.450000
26.450000
26.460000
26.450000
26.450000
26.450000
26.450000
26.460000
26.450000
26.460000
26.460000
26.460000
26.450000
26.450000
26.450000
26.450000
26.450000
26.450000
26.450000
26.460000
26.460000
26.450000
26.450000
26.450000
26.450000
26.460000
26.450000
26.450000
26.450000
26.450000
26.450000
26.450000
26.450000
26.450000
26.460000
26.450000
26.450000
26.450000
26.450000
26.460000
26.450000
26.460000
26.460000
26.460000
26.460000
26.460000
26.460000
26.460000
26.460000
26.450000
26.450000
26.450000
26.460000
26.450000
26.450000
26.450000
26.450000
26.450000
26.450000
26.450000
26.450000
26.450000
26.450000
26.450000
26.450000
26.450000
26.450000
26.450000
26.450000
26.450000
26.450000
26.450000
26.450000
26.450000
26.450000
26.450000
26.450000
26.450000
26.450000
26.450000
26.450000
26.450000
26.460000
26.450000
26.450000
26.450000
26.460000
26.450000
26.450000
26.450000
26.460000
26.450000
26.450000
26.450000
26.450000
26.450000
26.450000
26.450000
26.450000
26.450000
26.450000
26.450000
26.450000
26.450000
26.450000
26.450000
26.450000
26.450000
26.450000
26.450000
26.450000
26.450000
26.450000
26.450000
26.450000
26.450000
26.450000
26.450000
26.450000
26.450000
26.450000
26.450000
26.450000
26.450000
26.450000
26.450000
26.450000
26.450000
26.450000
26.450000
26.450000
26.450000
26.450000
26.450000
26.450000
26.450000
26.450000
26.450000
26.450000
26.450000
26.450000
26.450000
26.450000
26.450000
26.450000
26.450000
26.450000
26.450000
26.450000
26.450000
26.450000
26.450000
26.450000
26.450000
26.450000
26.450000
26.450000
26.450000
26.450000
26.450000
26.450000
26.450000
26.450000
26.450000
26.450000
26.450000
26.450000
26.450000
26.450000
26.450000
26.450000
26.450000
26.450000
26.450000
26.450000
26.450000
26.450000
26.450000
26.450000
26.450000
26.450000
26.450000
26.450000
26.450000
26.450000
26.450000
26.450000
26.450000
26.450000
26.450000
26.450000
26.450000
26.450000
26.450000
26.450000
26.450000
26.450000
26.450000
26.450000
26.450000
26.450000
26.450000
26.450000
26.450000
26.450000
26.450000
26.450000
26.450000
26.450000
26.450000
26.450000
26.450000
26.450000
26.450000
26.450000
26.450000
26.450000
26.450000
26.450000
26.450000
26.450000
26.450000
26.450000
26.450000
26.450000
26.450000
26.450000
26.450000
26.450000
26.450000
26.450000
26.450000
26.450000
26.450000
26.450000
26.450000
26.450000
26.450000
26.450000
26.450000
26.450000
26.450000
26.450000
26.450000
26.450000
26.450000
26.450000
26.450000
26.450000
26.450000
26.450000
26.450000
26.450000
26.450000
26.450000
26.450000
26.450000
26.450000
26.450000
26.450000
26.450000
26.450000
26.450000
26.450000
26.450000
26.450000
26.450000
26.450000
26.450000
26.450000
26.450000
26.450000
26.450000
26.450000
26.450000
26.450000
26.450000
26.450000
26.450000
26.450000
26.450000
26.450000
26.450000
26.450000
26.450000
26.450000
26.450000
26.450000
26.450000
26.450000
26.450000
26.450000
26.450000
26.450000
26.450000
26.450000
26.450000
26.450000
26.450000
26.450000
26.450000
26.450000
26.450000
26.450000
26.450000
26.450000
26.450000
26.450000
26.450000
26.440000
26.450000
26.450000
26.450000
26.440000
26.450000
26.450000
26.450000
26.450000
26.450000
26.440000
26.450000
26.450000
26.450000
26.450000
26.450000
26.450000
26.450000
26.450000
26.450000
26.450000
26.450000
26.450000
26.450000
26.450000
26.450000
26.450000
26.450000
26.450000
26.450000
26.450000
26.450000
26.450000
26.450000
26.450000
26.450000
26.450000
26.450000
26.450000
26.450000
26.450000
26.450000
26.450000
26.450000
26.450000
26.450000
26.450000
26.450000
26.450000
26.450000
26.450000
26.450000
26.450000
26.450000
26.450000
26.450000
26.450000
26.450000
26.450000
26.450000
26.450000
26.450000
26.450000
26.450000
26.450000
26.450000
26.450000
26.450000
26.450000
26.450000
26.450000
26.450000
26.450000
26.450000
26.450000
26.450000
26.450000
26.450000
26.450000
26.450000
26.450000
26.450000
26.450000
26.450000
26.450000
26.450000
26.450000
26.450000
26.450000
26.450000
26.450000
26.450000
26.450000
26.450000
26.450000
26.450000
26.450000
26.450000
26.450000
26.450000
26.450000
26.450000
26.450000
26.450000
26.450000
26.450000
26.450000
26.450000
26.450000
26.450000
26.450000
26.450000
26.450000
26.450000
26.450000
26.450000
26.450000
26.450000
26.450000
26.450000
26.450000
26.450000
26.450000
26.450000
26.450000
26.450000
26.450000
26.450000
26.450000
26.450000
26.450000
26.450000
26.450000
26.450000
26.450000
26.450000
26.450000
26.450000
26.450000
26.450000
26.450000
26.450000
26.450000
26.450000
26.450000
26.450000
26.450000
26.450000
26.450000
26.450000
26.450000
26.450000
26.450000
26.450000
26.450000
26.450000
26.450000
26.450000
26.450000
26.450000
26.450000
26.450000
26.450000
26.450000
26.450000
26.450000
26.450000
26.450000
26.450000
26.450000
26.450000
26.450000
26.450000
26.450000
26.450000
26.450000
26.450000
26.450000
26.450000
26.450000
26.450000
26.450000
26.450000
26.450000
26.450000
26.450000
26.450000
26.450000
26.450000
26.450000
26.450000
26.450000
26.450000
26.450000
26.450000
26.450000
26.450000
26.450000
26.450000
26.450000
26.450000
26.450000
26.450000
26.450000
26.450000
26.450000
26.450000
26.450000
26.450000
26.450000
26.450000
26.450000
26.450000
26.450000
26.450000
26.450000
26.450000
26.450000
26.450000
26.450000
26.450000
26.450000
26.450000
26.450000
26.450000
26.450000
26.450000
26.450000
26.450000
26.450000
26.450000
26.450000
26.450000
26.450000
26.450000
26.450000
26.450000
26.450000
26.450000
26.450000
26.450000
26.450000
26.450000
26.450000
26.450000
26.450000
26.450000
26.450000
26.450000
26.450000
26.450000
26.450000
26.450000
26.450000
26.450000
26.450000
26.450000
26.450000
26.450000
26.450000
26.450000
26.450000
26.450000
26.450000
26.450000
26.450000
26.450000
26.450000
26.450000
26.450000
26.450000
26.450000
26.450000
26.450000
26.450000
26.450000
26.450000
26.450000
26.450000
26.450000
26.450000
26.450000
26.450000
26.450000
26.450000
26.450000
26.450000
26.450000
26.450000
26.450000
26.460000
26.450000
26.450000
26.450000
26.450000
26.450000
26.450000
26.450000
26.450000
26.450000
26.450000
26.450000
26.450000
26.450000
26.450000
26.450000
26.450000
26.450000
26.450000
26.450000
26.450000
26.450000
26.460000
26.450000
26.450000
26.460000
26.450000
26.450000
26.450000
26.450000
26.450000
26.450000
26.450000
26.450000
26.450000
26.450000
26.450000
26.450000
26.450000
26.450000
26.450000
26.450000
26.450000
26.450000
26.450000
26.450000
26.450000
26.450000
26.450000
26.450000
26.450000
26.450000
26.450000
26.450000
26.450000
26.450000
26.450000
26.450000
26.450000
26.450000
26.450000
26.450000
26.450000
26.450000
26.450000
26.450000
26.450000
26.450000
26.450000
26.450000
26.450000
26.450000
26.450000
26.450000
26.450000
26.450000
26.450000
26.450000
26.450000
26.450000
26.450000
26.450000
26.450000
26.450000
26.450000
26.450000
26.450000
26.450000
26.450000
26.450000
26.450000
26.450000
26.450000
26.450000
26.450000
26.450000
26.450000
26.450000
26.450000
26.450000
26.450000
26.450000
26.450000
26.450000
26.450000
26.450000
26.450000
26.450000
26.450000
26.450000
26.450000
26.450000
26.450000
26.450000
26.450000
26.450000
26.450000
26.450000
26.450000
26.450000
26.450000
26.450000
26.450000
26.450000
26.450000
26.450000
26.450000
26.450000
26.450000
26.450000
26.450000
26.450000
26.450000
26.450000
26.450000
26.450000
26.450000
26.450000
26.450000
26.450000
26.450000
26.450000
26.450000
26.450000
26.450000
