-327.67
-327.67
-327.67
-327.67
-327.67
-327.67
-327.67
-327.67
-327.67
-327.67
-327.67
-327.67
-327.67
-327.67
-327.67
-327.67
-327.67
-327.67
-327.67
-327.67
-327.67
-327.67
-327.67
-327.67
-327.67
-327.67
-327.67
-327.67
-327.67
-327.67
-327.67
-327.67
-327.67
-327.67
-327.67
-327.67
-327.67
-327.67
-327.67
-327.67
-327.67
-327.67
-327.67
-327.67
-327.67
-327.67
-327.67
-327.67
-327.67
-327.67
-327.67
-327.67
-327.67
-327.67
-327.67
-327.67
-327.67
-327.67
-327.67
-327.67
-327.67
-327.67
-327.67
-327.67
-327.67
-327.67
-327.67
-327.67
-327.67
-327.67
-327.67
-327.67
-327.67
-327.67
-327.67
-327.67
-327.67
-327.67
-327.67
-327.67
-327.67
-327.67
-327.67
-327.67
-327.67
-327.67
-327.67
-327.67
-327.67
-327.67
-327.67
-327.67
-327.67
-327.67
-327.67
-327.67
-327.67
-327.67
-327.67
-327.67
-327.67
-327.67
-327.67
-327.67
-327.67
-327.67
-327.67
-327.67
-327.67
-327.67
-327.67
-327.67
-327.67
-327.67
-327.67
-327.67
-327.67
-327.67
-327.67
-327.67
-327.67
-327.67
-327.67
-327.67
-327.67
-327.67
-327.67
-327.67
-327.67
-327.67
-327.67
-327.67
-327.67
-327.67
-327.67
-327.67
-327.67
-327.67
-327.67
-327.67
-327.67
-327.67
-327.67
-327.67
-327.67
-327.67
-327.67
-327.67
-327.67
-327.67
-327.67
-327.67
-327.67
-327.67
-327.67
-327.67
-327.67
-327.67
-327.67
-327.67
-327.67
-327.67
-327.67
-327.67
-327.67
-327.67
-327.67
-327.67
-327.67
-327.67
-327.67
-327.67
-327.67
-327.67
-327.67
-327.67
-327.67
-327.67
-327.67
-327.67
-327.67
-327.67
-327.67
-327.67
-327.67
-327.67
-327.67
-327.67
-327.67
-327.67
-327.67
-327.67
-327.67
-327.67
-327.67
-327.67
-327.67
-327.67
-327.67
-327.67
-327.67
-327.67
-327.67
-327.67
-327.67
-327.67
-327.67
-327.67
-327.67
-327.67
-327.67
-327.67
-327.67
-327.67
-327.67
-327.67
-327.67
-327.67
-327.67
-327.67
-327.67
-327.67
-327.67
-327.67
-327.67
-327.67
-327.67
-327.67
-327.67
-327.67
-327.67
-327.67
-327.67
-327.67
-327.67
-327.67
-327.67
-327.67
-327.67
-327.67
-327.67
-327.67
-327.67
-327.67
-327.67
-327.67
-327.67
-327.67
-327.67
-327.67
-327.67
-327.67
-327.67
-327.67
-327.67
-327.67
-327.67
-327.67
-327.67
-327.67
-327.67
-327.67
-327.67
-327.67
-327.67
-327.67
-327.67
-327.67
-327.67
-327.67
-327.67
-327.67
-327.67
-327.67
-327.67
-327.67
-327.67
-327.67
-327.67
-327.67
-327.67
-327.67
-327.67
-327.67
-327.67
-327.67
-327.67
-327.67
-327.67
-327.67
-327.67
-327.67
-327.67
-327.67
-327.67
-327.67
-327.67
-327.67
-327.67
-327.67
-327.67
-327.67
-327.67
-327.67
-327.67
-327.67
-327.67
-327.67
-327.67
-327.67
-327.67
-327.67
-327.67
-327.67
-327.67
-327.67
-327.67
-327.67
-327.67
-327.67
-327.67
-327.67
-327.67
-327.67
-327.67
-327.67
-327.67
-327.67
-327.67
-327.67
-327.67
-327.67
-327.67
-327.67
-327.67
-327.67
-327.67
-327.67
-327.67
-327.67
-327.67
-327.67
-327.67
-327.67
-327.67
-327.67
-327.67
-327.67
-327.67
-327.67
-327.67
-327.67
-327.67
-327.67
-327.67
-327.67
-327.67
-327.67
-327.67
-327.67
-327.67
-327.67
-327.67
-327.67
-327.67
-327.67
-327.67
-327.67
-327.67
-327.67
-327.67
-327.67
-327.67
-327.67
-327.67
-327.67
-327.67
-327.67
-327.67
-327.67
-327.67
-327.67
-327.67
-327.67
-327.67
-327.67
-327.67
-327.67
-327.67
-327.67
-327.67
-327.67
-327.67
-327.67
-327.67
-327.67
-327.67
-327.67
-327.67
-327.67
-327.67
-327.67
-327.67
-327.67
-327.67
-327.67
-327.67
-327.67
-327.67
-327.67
-327.67
-327.67
-327.67
-327.67
-327.67
-327.67
-327.67
-327.67
-327.67
-327.67
-327.67
-327.67
-327.67
-327.67
-327.67
-327.67
-327.67
-327.67
-327.67
-327.67
-327.67
-327.67
-327.67
-327.67
-327.67
-327.67
-327.67
-327.67
-327.67
-327.67
-327.67
-327.67
-327.67
-327.67
-327.67
-327.67
-327.67
-327.67
-327.67
-327.67
-327.67
-327.67
-327.67
-327.67
-327.67
-327.67
-327.67
-327.67
-327.67
-327.67
-327.67
-327.67
-327.67
-327.67
-327.67
-327.67
-327.67
-327.67
-327.67
-327.67
-327.67
-327.67
-327.67
-327.67
-327.67
-327.67
-327.67
-327.67
-327.67
-327.67
-327.67
-327.67
-327.67
-74.93
-74.8
-74.86
-74.76
-74.53
-74.3
-74.22
-74.22
-73.9
-73.74
-73.43
-73.28
-73.19
-73.05
-73.03
-72.94
-72.66
-72.26
-72.22
-71.97
-71.85
-71.66
-71.5
-71.35
-71.26
-71.13
-70.99
-70.7
-70.42
-70.11
-69.93
-69.64
-69.53
-69.4
-69.17
-68.96
-68.75
-68.5
-68.18
-68.02
-67.75
-67.5
-67.22
-67.12
-66.68
-66.33
-66.14
-66.02
-65.65
-65.41
-65.08
-64.74
-64.34
-64.29
-63.55
-63.18
-62.59
-62.41
-61.88
-61.48
-61.31
-60.69
-60.23
-59.99
-59.54
-58.9
-58.36
-57.98
-57.17
-56.86
-56.22
-55.77
-55.39
-54.79
-54.17
-53.85
-53.41
-52.78
-52.5
-52.08
-51.58
-50.92
-50.54
-49.91
-49.42
-48.6
-48.19
-46.94
-46.25
-45.62
-45.15
-44.62
-44.26
-43.91
-43.7
-43.42
-43.28
-42.91
-42.58
-42.09
-41.77
-41.06
-40.55
-40.05
-39.56
-38.93
-38.5
-38.11
-37.7
-37.13
-36.74
-36.33
-35.6
-35.21
-34.89
-34.47
-33.91
-33.68
-33.19
-32.78
-32.35
-32.02
-31.6
-31.43
-31.16
-31.24
-31.15
-31.08
-31.04
-31.01
-30.98
-30.97
-30.96
-30.94
-30.95
-30.93
-30.95
-30.95
-30.99
-31
-31.01
-31.02
-31.03
-31.03
-31.02
-31
-30.99
-30.99
-31
-30.97
-30.98
-30.98
-30.96
-30.97
-30.99
-31
-30.99
-30.97
-30.97
-30.94
-30.93
-30.92
-30.91
-30.9
-30.87
-30.85
-30.82
-30.8
-30.78
-30.77
-30.74
-30.76
-30.76
-30.74
-30.71
-30.71
-30.7
-30.66
-30.67
-30.67
-30.63
-30.63
-30.66
-30.66
-30.66
-30.67
-30.7
-30.71
-30.7
-30.7
-30.69
-30.68
-30.68
-30.65
-30.67
-30.68
-30.67
-30.71
-30.69
-30.68
-30.66
-30.62
-30.61
-30.59
-30.59
-30.61
-30.6
-30.6
-30.52
-30.48
-30.43
-30.43
-30.43
-30.43
-30.43
-30.48
-30.51
-30.53
-30.57
-30.54
-30.52
-30.46
-30.43
-30.4
-30.37
-30.36
-30.34
-30.33
-30.32
-30.28
-30.27
-30.23
-30.2
-30.15
-30.13
-30.09
-30.07
-30.07
-30.03
-30.01
-29.97
-29.93
-29.9
-29.85
-29.79
-29.77
-29.74
-29.7
-29.64
-29.58
-29.54
-29.48
-29.45
-29.38
-29.35
-29.29
-29.23
-29.16
-29.1
-29.04
-29
-28.95
-28.86
-28.83
-28.74
-28.65
-28.53
-28.44
-28.33
-28.28
-28.23
-28.17
-28.1
-28.05
-27.98
-27.9
-27.85
-27.77
-27.64
-27.53
-27.41
-27.26
-27.22
-27.08
-27.02
-26.95
-26.88
-26.75
-26.63
-26.47
-26.32
-26.19
-26.12
-25.97
-25.9
-25.73
-25.62
-25.43
-25.32
-25.15
-25.09
-24.92
-24.8
-24.63
-24.45
-24.3
-24.18
-24.06
-23.9
-23.69
-23.52
-23.32
-23.18
-22.98
-22.78
-22.57
-22.35
-22.16
-21.98
-21.75
-21.45
-21.24
-21.03
-20.78
-20.45
-20.3
-19.98
-19.76
-19.52
-19.32
-18.91
-18.79
-18.48
-18.15
-17.84
-17.68
-17.32
-17.04
-16.8
-16.48
-16.28
-16.04
-15.74
-15.49
-15.2
-14.9
-14.64
-14.35
-14.06
-13.83
-13.58
-13.24
-13.01
-12.68
-12.42
-12.19
-11.93
-11.6
-11.39
-11.06
-10.84
-10.59
-10.33
-10.03
-9.83
-9.54
-9.28
-8.99
-8.73
-8.36
-8.14
-7.87
-7.61
-7.28
-7.02
-6.72
-6.42
-6.08
-5.87
-5.53
-5.24
-4.93
-4.73
-4.38
-4.13
-3.88
-3.67
-3.38
-3.12
-2.85
-2.53
-2.36
-2.04
-1.82
-1.54
-1.28
-1.03
-0.71
-0.46
-0.19
0.1
0.35
0.69
0.95
1.27
1.51
1.82
2.11
2.35
2.68
2.9
3.14
3.49
3.71
4.02
4.26
4.57
4.81
5.06
5.33
5.65
5.83
6.11
6.34
6.64
6.81
7.24
7.5
7.76
8
8.34
8.6
8.87
9.2
9.52
9.71
10.02
10.29
10.52
10.77
11.02
11.24
11.46
11.67
11.89
12.08
12.28
12.53
12.69
12.87
13.01
13.16
13.3
13.43
13.57
13.73
13.89
14.07
14.22
14.37
14.45
14.54
14.56
14.53
14.49
14.45
14.43
14.51
14.76
15.3
15.71
16.37
16.68
17.11
17.27
17.7
18.12
18.56
18.85
19.21
19.51
19.76
20.03
20.39
20.66
20.92
21.29
21.61
21.84
22.07
22.35
22.54
22.76
23.04
23.4
23.55
23.9
24.11
24.34
24.49
24.7
24.81
24.95
25.14
25.37
25.5
25.64
25.78
25.96
26.09
26.25
26.37
26.49
26.61
26.74
26.88
26.98
27.11
27.22
27.32
27.42
27.61
27.7
27.76
27.87
27.96
28.01
28.13
28.23
28.33
28.39
28.51
28.6
28.73
28.8
28.92
29.02
29.12
29.21
29.3
29.35
29.42
29.49
29.55
29.62
29.66
29.73
29.77
29.84
29.91
29.97
30
30.05
30.08
30.14
30.23
30.29
30.35
30.42
30.49
30.59
30.69
30.76
30.8
30.85
30.89
30.94
30.99
31.02
31.07
31.11
31.14
31.18
31.23
31.26
31.29
31.34
31.4
31.43
31.46
31.48
31.53
31.54
31.58
31.61
31.64
31.65
31.68
31.69
31.72
31.76
31.8
31.83
31.86
31.89
31.91
31.95
31.97
32
32.01
32.04
32.06
32.1
32.12
32.15
32.17
32.19
32.23
32.26
32.29
32.32
32.35
32.39
32.42
32.46
32.49
32.51
32.54
32.54
32.56
32.58
32.61
32.63
32.66
32.69
32.71
32.74
32.75
32.77
32.79
32.81
32.83
32.85
32.88
32.91
32.93
32.95
32.96
32.98
32.98
33
33.02
33.02
33.04
33.07
33.1
33.12
33.16
33.19
33.22
33.24
33.26
33.28
33.29
33.3
33.3
33.31
33.31
33.31
33.33
33.32
33.34
33.36
33.39
33.4
33.41
33.43
33.42
33.41
33.43
33.44
33.46
33.48
33.49
33.51
33.53
33.54
33.56
33.57
33.59
33.61
33.64
33.65
33.65
33.65
33.67
33.68
33.68
33.69
33.69
33.68
33.69
33.7
33.71
33.72
33.74
33.74
33.74
33.75
33.74
33.74
33.73
33.74
33.75
33.76
33.77
33.78
33.79
33.81
33.81
33.82
33.83
33.84
33.86
33.88
33.89
33.92
33.94
33.94
33.94
33.95
33.97
33.98
33.98
33.97
33.99
33.99
34.02
34.04
34.03
34.02
34.03
34.05
34.08
34.11
34.11
34.09
34.08
34.08
34.06
34.05
34.07
34.07
34.09
34.12
34.13
34.13
34.13
34.15
34.15
34.16
34.17
34.17
34.16
34.17
34.15
34.15
34.16
34.19
34.21
34.23
34.25
34.27
34.26
34.24
34.22
34.21
34.22
34.23
34.23
34.24
34.24
34.21
34.23
34.24
34.27
34.29
34.31
34.33
34.35
34.37
34.4
34.38
34.38
34.4
34.39
34.39
34.4
34.41
34.41
34.42
34.42
34.42
34.43
34.43
34.44
34.45
34.46
34.45
34.46
34.46
34.46
34.46
34.46
34.46
34.47
34.48
34.47
34.46
34.47
34.46
34.47
34.46
34.44
34.42
34.4
34.41
34.41
34.42
34.43
34.44
34.45
34.46
34.45
34.46
34.45
34.47
34.46
34.46
34.44
34.43
34.43
34.43
34.41
34.4
34.4
34.4
34.41
34.4
34.4
34.4
34.4
34.39
34.38
34.37
34.36
34.35
34.35
34.32
34.32
34.32
34.32
34.3
34.3
34.3
34.29
34.25
34.24
34.21
34.2
34.18
34.18
34.16
34.15
34.14
34.12
34.08
34.07
34.05
34.04
34.03
34.02
34.03
34.02
34.02
34.01
34
33.99
33.98
33.95
33.93
33.92
33.9
33.89
33.89
33.88
33.87
33.87
33.86
33.85
33.84
33.83
33.81
33.78
33.76
33.75
33.72
33.7
33.68
33.66
33.64
33.62
33.6
33.59
33.58
33.56
33.54
33.52
33.5
33.45
33.41
33.37
33.34
33.31
33.29
33.26
33.23
33.22
33.21
33.18
33.17
33.16
33.13
33.11
33.09
33.05
33.02
33
32.95
32.91
32.88
32.86
32.82
32.81
32.76
32.73
32.7
32.66
32.59
32.55
32.5
32.46
32.42
32.38
32.31
32.25
32.21
32.12
32.03
31.96
31.88
31.76
31.67
31.6
31.53
31.47
31.37
31.27
31.15
31.09
30.91
30.79
30.63
30.5
30.3
30.17
29.95
29.71
29.5
29.3
29.09
28.86
28.7
28.35
28.07
27.74
27.48
27.23
27.13
26.94
26.71
18.38
15.8
16.12
16.37
16.67
17.2
17.59
17.96
18.43
18.92
19.25
19.72
20.07
20.47
20.9
21.35
21.67
22.15
22.63
22.91
23.33
23.81
24.13
24.47
24.82
25.12
25.55
25.81
26.18
26.44
26.8
27.07
27.42
27.67
27.95
28.17
28.48
28.67
28.83
29.05
29.23
29.38
29.57
29.72
29.81
29.96
30.04
30.09
30.13
30.14
30.14
30.13
30.14
30.13
30.14
30.14
30.14
30.14
30.14
30.14
30.14
30.14
30.14
30.14
30.14
30.14
30.14
30.14
30.14
30.14
30.14
30.14
30.14
30.13
30.13
30.14
30.13
30.13
30.14
30.13
30.14
30.13
30.13
30.14
30.14
30.13
30.13
30.14
30.14
30.14
30.14
30.14
30.14
30.14
30.13
30.13
30.13
30.13
30.14
30.13
30.14
30.14
30.13
30.14
30.14
30.13
30.14
30.14
30.14
30.14
30.14
30.13
30.14
30.13
30.13
30.14
30.14
30.14
30.14
30.14
30.13
30.14
30.13
30.14
30.13
30.13
30.13
30.14
30.14
30.13
30.14
30.14
30.14
30.14
30.14
30.14
30.14
30.13
30.14
30.14
30.13
30.14
30.14
30.14
30.14
30.14
30.14
30.14
30.14
30.14
30.14
30.14
30.14
30.13
30.14
30.14
30.14
30.13
30.13
30.14
30.14
30.14
30.14
30.14
30.14
30.14
30.14
30.14
30.14
30.14
30.14
30.14
30.14
30.14
30.14
30.14
30.14
30.14
30.14
30.14
30.14
30.14
30.13
30.14
30.14
30.14
30.14
30.14
30.14
30.14
30.14
30.14
30.14
30.14
30.14
30.14
30.14
30.14
30.14
30.14
30.14
30.14
30.14
30.14
30.14
30.14
30.14
30.14
30.14
30.14
30.14
30.14
30.14
30.14
30.14
30.14
30.14
30.13
30.14
30.14
30.14
30.14
30.14
30.14
30.14
30.14
30.14
30.13
30.15
30.14
30.14
30.14
30.14
30.13
30.14
30.13
30.14
30.14
30.14
30.13
30.14
30.14
30.14
30.14
30.14
30.14
30.14
30.14
30.14
30.14
30.14
30.14
30.14
30.14
30.14
30.14
30.13
30.14
30.14
30.14
30.13
30.14
30.14
30.15
30.14
30.14
30.13
30.14
30.14
30.14
30.14
30.14
30.14
30.14
30.13
30.14
30.14
30.14
30.13
30.13
30.14
30.14
30.13
30.13
30.14
30.14
30.14
30.14
30.14
30.14
30.14
30.14
30.13
30.15
30.14
30.14
30.14
30.14
30.14
30.14
30.14
30.14
30.14
30.14
30.14
30.14
30.14
30.13
30.14
30.14
30.14
30.14
30.14
30.14
30.14
30.14
30.13
30.14
30.14
30.14
30.14
30.13
30.14
30.14
30.14
30.13
30.14
30.14
30.14
30.14
30.14
30.13
30.14
30.14
30.14
30.14
30.14
30.14
30.14
30.14
30.14
30.14
30.13
30.14
30.14
30.13
30.14
30.14
30.14
30.14
30.14
30.14
30.14
30.14
30.14
30.14
30.14
30.14
30.14
30.15
30.14
30.13
30.13
30.13
30.14
30.14
30.14
30.14
30.14
30.14
30.14
30.14
30.14
30.14
30.14
30.14
30.13
30.14
30.14
30.14
30.14
30.14
30.14
30.14
30.14
30.14
30.13
30.15
30.14
30.14
30.14
30.14
30.14
30.13
30.14
30.14
30.14
30.14
30.14
30.15
30.14
30.14
30.14
30.14
30.14
30.14
30.14
30.14
30.14
30.13
30.14
30.14
30.14
30.14
30.14
30.14
30.15
30.14
30.14
30.14
30.14
30.14
30.14
30.14
30.14
30.14
30.14
30.13
30.14
30.15
30.14
30.14
30.14
30.14
30.14
30.14
30.13
30.14
30.14
30.15
30.14
30.14
30.14
30.14
30.14
30.14
30.14
30.14
30.14
30.14
30.14
30.14
30.14
30.14
30.14
30.14
30.14
30.15
30.14
30.15
30.14
30.14
30.14
30.14
30.14
30.14
30.14
30.14
30.14
30.14
30.14
30.13
30.14
30.14
30.14
30.13
30.14
30.14
30.14
30.14
30.14
30.14
30.14
30.14
30.14
30.14
30.14
30.14
30.14
30.14
30.14
30.14
30.14
30.13
30.14
30.14
30.14
30.13
30.14
30.14
30.13
30.14
30.13
30.14
30.14
30.14
30.14
30.14
30.14
30.14
30.14
30.14
30.14
30.14
30.14
30.14
30.14
30.14
30.14
30.14
30.15
30.14
30.15
30.14
30.14
30.14
30.14
30.14